X,Y,Z,Res
35.604,56.347,21.818,1
36.022,53.14,23.837,12
37.455,53.64,27.279,12
38.142,54.79,19.477,6
38.641,60.897,34.298,8
39.619,60.905,37.98,20
39.741,63.518,31.75,6
40.308,55.805,25.341,10
40.812,53.921,22.075,3
41.091,57.389,37.929,12
41.092,60.824,29.512,7
43.265,46.888,21.407,4
43.329,49.223,34.758,2
43.673,56.632,35.2,20
44.005,48.154,17.931,13
44.101,41.339,24.023,10
44.176,51.885,17.528,1
44.424,59.26,28.588,16
45.005,49.539,38.162,20
45.02,65.324,31.278,12
45.196,58.6,24.917,2
45.314,43.73,21.4,4
45.442,55.337,22.969,2
45.565,54.975,19.2,19
46.552,63.601,34.327,5
46.6,39.073,25.744,4
46.903,35.639,21.404,7
46.991,48.902,22.733,3
47.168,63.673,26.604,6
48.125,51.77,16.712,6
48.37,49.521,36.365,19
48.404,66.831,30.454,9
48.723,60.721,24.771,5
48.953,49.289,19.497,10
49.036,62.714,21.543,8
49.366,66.039,34.967,1
49.433,53.255,38.85,1
49.715,63.391,29.44,5
50.132,51.275,25.772,4
50.323,56.242,41.016,12
50.324,50.153,14.113,19
52.165,64.542,22.703,12
52.227,50.396,22.759,1
52.438,47.064,13.742,12
53.176,46.964,21.379,1
53.41,44.915,16.677,5
53.752,44.29,39.995,5
53.949,38.491,28.291,18
54.078,61.522,24.026,7
54.079,38.302,17.304,17
54.718,53.518,34.662,17
55.017,54.33,23.172,7
55.082,43.211,24.643,5
55.346,46.801,25.841,1
55.585,38.165,31.68,13
55.65,52.061,26.219,2
55.973,59.651,21.294,9
56.912,47.44,20.904,1
57.13,44.609,17.348,1
57.455,40.835,38.21,19
57.468,48.394,17.401,1
57.495,43.734,40.601,13
57.647,41.854,27.117,10
58.696,54.66,22.335,1
58.698,65.446,26.02,1
59.061,47.094,26.271,1
59.219,45.244,45.426,10
59.565,60.612,22.191,20
59.61,47.011,11.636,9
59.678,51.978,30.018,3
59.769,52.892,36.172,11
59.856,45.867,22.744,6
60.059,42.287,32.457,13
60.072,57.457,20.209,1
60.299,62.363,27.594,19
60.459,50.312,16.025,7
60.488,58.579,16.609,15
61.212,44.861,14.289,3
61.256,52.382,2.606,11
61.383,51.457,39.349,16
61.461,43.503,35.771,12
61.86,68.307,4.847,6
61.862,57.731,28.883,14
61.885,72.158,10.481,19
61.981,52.123,27.006,1
62.089,62.412,19.959,3
62.191,49.789,11.225,3
62.199,55.056,8.524,8
62.356,44.285,40.844,6
62.453,56.295,4.946,1
62.714,54.827,24.429,8
62.862,45.517,44.411,8
63.028,60.158,14.253,20
63.368,67.185,1.53,5
63.542,63.901,14.618,6
63.623,50.665,-3.061,10
63.729,66.038,11.487,7
63.777,51.161,5.122,16
63.974,52.928,-0.013,5
64.041,47.043,38.796,12
64.383,53.775,39.365,10
64.415,72.541,2.721,1
64.568,61.243,4.968,4
64.652,69.73,11.446,20
64.878,58.816,26.898,1
64.953,60.453,18.342,13
65.104,49.005,13.492,1
65.13,59.359,8.193,7
65.51,64.561,3.306,1
65.613,70.338,-4.849,12
65.703,45.279,9.14,20
65.91,55.747,9.15,6
66.838,51.262,-5.052,10
66.906,74.539,8.022,4
67.216,72.669,-2.372,12
67.353,56.522,28.706,12
67.571,53.48,23.88,5
67.65,70.829,-8.017,7
68.084,62.175,16.99,1
68.631,71.942,1.029,3
68.67,62.908,8.94,18
68.857,65.808,-7.08,1
69.386,67.817,-3.951,5
69.456,66.465,-10.736,6
69.498,53.733,27.181,2
69.651,60.823,-0.533,14
69.731,74.508,3.53,10
69.861,63.043,2.55,5
70.185,61.197,-4.277,8
70.305,60.807,11.692,2
70.326,63.594,14.249,4
70.429,51.967,-4.03,5
70.837,55.786,-3.898,20
71.8,70.657,-3.336,10
72.321,75.438,6.16,12
72.377,55.047,13.585,4
72.582,64.128,-3.936,3
73.438,65.671,-7.314,8
73.526,71.914,6.609,3
73.568,57.192,-6.117,1
73.606,53.919,7.674,15
73.982,63.868,8.766,3
74.279,57.536,11.379,2
74.498,73.943,1.139,6
74.612,62.641,12.267,1
74.91,59.735,-3.723,13
75.008,68.684,-5.635,20
75.366,54.856,15.921,17
75.532,52.236,10.47,10
75.91,58.577,16.413,1
76.205,71.325,9.113,11
76.602,54.485,-2.815,6
76.623,73.16,4.149,15
76.751,48.5,-1.018,5
76.796,69.259,-2.322,4
77.313,49.049,17.007,3
77.494,61.358,14.302,2
78.045,51.036,-3.568,1
78.317,65.09,8.1,15
78.516,52.025,6.396,1
78.629,75.402,6.449,3
78.773,52.776,1.377,6
78.952,57.517,-2.594,12
79.33,42.413,5.079,3
79.504,65.524,11.691,4
79.572,49.063,1.418,2
79.734,49.407,11.847,6
79.937,70.727,9.136,6
80.1,59.455,23.923,6
80.153,47.518,28.107,3
80.275,58.203,18.514,5
80.905,49.693,31.064,1
81.159,48.035,24.506,7
81.533,45.88,14.437,20
81.704,60.854,20.757,13
81.97,73.843,7.411,7
82.018,56.2,23.419,16
82.544,47.857,9.835,19
82.686,65.95,6.581,5
82.71,52.919,31.671,5
82.811,70.454,11.654,16
83.036,43.811,1.965,10
83.201,57.118,3.534,3
83.566,62.306,6.926,3
83.717,75.74,10.187,2
83.726,60.828,3.498,10
83.93,67.244,9.951,12
84.04,57.971,32.945,10
84.208,46.252,11.694,20
84.814,54.726,29.121,7
84.859,48.422,34.767,3
84.96,62.361,15.086,12
85.049,54.777,8.27,5
85.454,57.131,18.443,6
85.512,55.646,24.735,8
85.769,54.333,14.211,14
85.774,48.502,24.494,19
86.041,65.896,14.294,8
86.194,47.262,17.512,11
86.35,57.654,12.413,7
86.855,42.323,-1.899,19
86.894,74.084,11.412,3
87.165,45.386,34.968,3
87.243,59.104,31.22,8
87.401,56.974,6.26,10
87.721,56.941,40.523,17
87.909,52.772,9.761,10
88.045,57.825,22.922,6
88.086,45.306,38.654,12
88.243,55.508,30.498,10
88.824,41.436,38.038,7
88.941,58.528,35.758,4
89.019,57.609,17.152,7
89.275,54.157,15.669,9
89.426,56.111,10.777,10
89.66,54.784,21.387,15
90.426,48.48,35.278,14
90.807,48.407,25.556,12
90.942,46.413,9.095,7
91.264,50.012,42.077,9
91.554,41.217,35.403,12
91.635,47.438,18.892,3
91.81,45.905,39,10
92.204,46.47,12.652,12
92.343,44.427,42.443,10
92.385,53.871,36.839,3
92.914,38.092,37.138,2
92.948,54.549,40.522,9
93,39.86,12.557,20
93.575,59.054,37.654,4
93.825,50.721,31.179,7
93.916,47.7,43.506,12
94.606,51.577,34.79,12
94.859,47.849,25.326,6
95.163,47.903,29.043,17
95.368,42.801,12.705,7
95.468,57.378,40.495,10
95.892,46.837,18.515,6
96.088,37.87,27.608,7
96.12,46.147,22.215,7
96.263,41.66,27.745,5
96.424,43.986,16.118,16
99.388,42.681,29.561,13
