283
175
9084
160419
3806114
160434
31348
117765
6503
81462
125132
8761
70807
78165
79723
23831
66898
70815
795
769
2513
1061
943
1117
1086
9322
33558
6344
180
679
1146
1145
6386
3776
7870
713
1088
247
8857
6409
13529
6342
8028
31275
8117
12374
15422
564
273
16402
24250
1102
1103
15433
2681
107670
122145
114880
62852
6022
71299735
33113
5957
2028
5892
5884
7427
5988
892
439357
5793
5780
6912
753
1030
7896
263
1031
174
702
887
14309
996
2332
4784
84929
4386830
10130697
4985784
5221296
447555
232
614
1123
750
11163
11161
439183
6049
6207
1176
3520
745
119411
19001
1567