Coord_1,Coord_2,Coord_3,Coord_4,Coord_5,Coord_6,Coord_7,Coord_8,Coord_9,Coord_10,Coord_11,Coord_12,Coord_13,Coord_14,Coord_15,Coord_16,Coord_17,Coord_18,Norm_V_1,Norm_V_2,Norm_V_3,Res_Type_1,Res_Type_2,Res_Type_3,Res_Type_4,Res_Type_5,Res_Type_6
35.604,36.022,37.455,38.142,40.308,40.812,56.347,53.14,53.64,54.79,55.805,53.921,21.818,23.837,27.279,19.477,25.341,22.075,-0.919613927201748,-0.156223198025506,-0.360422720281703,1,12,12,6,10,3
35.604,36.022,37.455,38.142,40.308,40.812,56.347,53.14,53.64,54.79,55.805,53.921,21.818,23.837,27.279,19.477,25.341,22.075,-0.919613927201748,-0.156223198025506,-0.360422720281703,1,12,12,6,10,3
35.604,36.022,37.455,38.142,40.308,40.812,56.347,53.14,53.64,54.79,55.805,53.921,21.818,23.837,27.279,19.477,25.341,22.075,-0.919613927201748,-0.156223198025506,-0.360422720281703,1,12,12,6,10,3
35.604,36.022,38.142,40.308,40.812,44.176,56.347,53.14,54.79,55.805,53.921,51.885,21.818,23.837,19.477,25.341,22.075,17.528,-0.624001768866443,-0.373049660034723,-0.686626349333849,1,12,6,10,3,1
38.641,39.619,39.741,41.091,41.092,43.673,60.897,60.905,63.518,57.389,60.824,56.632,34.298,37.98,31.75,37.929,29.512,35.2,-0.964886917281232,-0.237398692523675,0.112405950232051,8,20,6,12,7,20
38.641,39.619,39.741,41.091,43.673,46.552,60.897,60.905,63.518,57.389,56.632,63.601,34.298,37.98,31.75,37.929,35.2,34.327,-0.837316323765413,-0.244277751288201,0.489111187953776,8,20,6,12,20,5
38.641,39.619,39.741,41.092,44.424,45.02,60.897,60.905,63.518,60.824,59.26,65.324,34.298,37.98,31.75,29.512,28.588,31.278,-0.947115169209359,0.130677104953436,-0.293080791752914,8,20,6,7,16,12
36.022,37.455,40.308,40.812,45.196,45.442,53.14,53.64,55.805,53.921,58.6,55.337,23.837,27.279,25.341,22.075,24.917,22.969,-0.752175723627804,0.252719313644979,-0.608575902657836,12,12,10,3,2,2
36.022,38.142,40.308,40.812,45.442,45.565,53.14,54.79,55.805,53.921,55.337,54.975,23.837,19.477,25.341,22.075,22.969,19.2,-0.235295382445494,-0.109890451689849,-0.965691550976413,12,6,10,3,2,19
38.641,39.619,39.741,41.091,43.673,45.005,60.897,60.905,63.518,57.389,56.632,49.539,34.298,37.98,31.75,37.929,35.2,38.162,-0.838542578728005,-0.347232687294056,0.419852122222499,8,20,6,12,20,20
38.641,39.741,41.092,44.424,45.02,45.196,60.897,63.518,60.824,59.26,65.324,58.6,34.298,31.75,29.512,28.588,31.278,24.917,-0.871473264066691,0.240689864650032,-0.427320417335395,8,6,7,16,12,2
43.265,44.005,44.101,44.176,45.314,46.991,46.888,48.154,41.339,51.885,43.73,48.902,21.407,17.931,24.023,17.528,21.4,22.733,-0.757934284264619,-0.122332415794013,-0.640757677115366,4,13,10,1,4,3
41.091,43.329,43.673,45.005,48.37,49.433,57.389,49.223,56.632,49.539,49.521,53.255,37.929,34.758,35.2,38.162,36.365,38.85,-0.167977985937394,-0.265455357486575,0.949377084946804,12,2,20,20,19,1
38.641,39.619,41.091,43.329,43.673,44.424,60.897,60.905,57.389,49.223,56.632,59.26,34.298,37.98,37.929,34.758,35.2,28.588,-0.9311313328667,0.00184819623255116,0.364679345623752,8,20,12,2,20,16
43.265,44.005,44.176,46.991,48.125,48.953,46.888,48.154,51.885,48.902,51.77,49.289,21.407,17.931,17.528,22.733,16.712,19.497,0.584665842265922,0.531336874975536,-0.613063600435316,4,13,1,3,6,10
43.265,44.101,45.314,46.6,46.903,46.991,46.888,41.339,43.73,39.073,35.639,48.902,21.407,24.023,21.4,25.744,21.404,22.733,-0.871337344748239,-0.029237666775838,-0.489812607523116,4,10,4,4,7,3
40.812,44.005,44.176,45.565,48.125,48.953,53.921,48.154,51.885,54.975,51.77,49.289,22.075,17.931,17.528,19.2,16.712,19.497,0.63685554369308,0.263154503806845,-0.724682498473342,3,13,1,19,6,10
40.308,41.092,44.424,45.196,47.168,48.723,55.805,60.824,59.26,58.6,63.673,60.721,25.341,29.512,28.588,24.917,26.604,24.771,-0.65664765005274,0.301077093930619,-0.691495804174188,10,7,16,2,6,5
41.091,43.329,43.673,45.005,48.37,49.433,57.389,49.223,56.632,49.539,49.521,53.255,37.929,34.758,35.2,38.162,36.365,38.85,-0.167977985937394,-0.265455357486575,0.949377084946804,12,2,20,20,19,1
39.741,45.02,46.552,47.168,48.404,49.715,63.518,65.324,63.601,63.673,66.831,63.391,31.75,31.278,34.327,26.604,30.454,29.44,-0.696400522270768,0.564609746905651,-0.442992264356996,6,12,5,6,9,5
40.308,44.424,45.196,45.442,47.168,48.723,55.805,59.26,58.6,55.337,63.673,60.721,25.341,28.588,24.917,22.969,26.604,24.771,-0.314367850498551,0.41469909407114,-0.853930627129333,10,16,2,2,6,5
43.265,44.005,44.101,45.314,46.6,46.991,46.888,48.154,41.339,43.73,39.073,48.902,21.407,17.931,24.023,21.4,25.744,22.733,-0.845448849667003,-0.182659547439334,-0.501848316053764,4,13,10,4,4,3
40.308,40.812,45.196,45.442,45.565,48.723,55.805,53.921,58.6,55.337,54.975,60.721,25.341,22.075,24.917,22.969,19.2,24.771,0.026583327367371,0.343156860190866,-0.938901856431239,10,3,2,2,19,5
40.812,44.176,45.442,45.565,48.125,48.953,53.921,51.885,55.337,54.975,51.77,49.289,22.075,17.528,22.969,19.2,16.712,19.497,0.741988440980529,0.412346110057895,-0.52860556085933,3,1,2,19,6,10
39.741,45.02,46.552,48.404,49.366,49.715,63.518,65.324,63.601,66.831,66.039,63.391,31.75,31.278,34.327,30.454,34.967,29.44,-0.391022961425322,0.920372189275156,0.00400959437198044,6,12,5,9,1,5
44.101,45.314,46.6,46.903,53.949,55.082,41.339,43.73,39.073,35.639,38.491,43.211,24.023,21.4,25.744,21.404,28.291,24.643,-0.456670800361402,-0.329660716426779,-0.826302361210628,10,4,4,7,18,5
44.101,45.314,46.6,46.903,53.949,54.079,41.339,43.73,39.073,35.639,38.491,38.302,24.023,21.4,25.744,21.404,28.291,17.304,-0.487516109625564,-0.329346496063259,-0.808615439121965,10,4,4,7,18,17
43.265,45.314,46.991,48.953,50.132,52.227,46.888,43.73,48.902,49.289,51.275,50.396,21.407,21.4,22.733,19.497,25.772,22.759,-0.20720081241077,0.631314464862766,-0.747335179013645,4,4,3,10,4,1
45.02,47.168,48.404,48.723,49.036,49.715,65.324,63.673,66.831,60.721,62.714,63.391,31.278,26.604,30.454,24.771,21.543,29.44,-0.136777404209589,0.224374489149683,-0.964856481719694,12,6,9,5,8,5
44.005,44.176,45.565,48.125,48.953,50.324,48.154,51.885,54.975,51.77,49.289,50.153,17.931,17.528,19.2,16.712,19.497,14.113,0.628022664337372,0.634967130586566,-0.449893627597959,13,1,19,6,10,19
43.329,45.005,48.37,49.433,53.752,54.718,49.223,49.539,49.521,53.255,44.29,53.518,34.758,38.162,36.365,38.85,39.995,34.662,-0.237232514141753,-0.0470671430054611,0.970312021095939,2,20,19,1,5,17
45.02,46.552,47.168,48.404,49.366,49.715,65.324,63.601,63.673,66.831,66.039,63.391,31.278,34.327,26.604,30.454,34.967,29.44,-0.335633109027223,0.871090868010006,-0.358540256867057,12,5,6,9,1,5
45.196,47.168,48.723,49.036,49.715,54.078,58.6,63.673,60.721,62.714,63.391,61.522,24.917,26.604,24.771,21.543,29.44,24.026,0.0109058406583525,0.499622196126426,-0.866174765146932,2,6,5,8,5,7
44.005,46.991,48.125,48.953,52.227,53.176,48.154,48.902,51.77,49.289,50.396,46.964,17.931,22.733,16.712,19.497,22.759,21.379,0.436719339021236,0.665926802798349,-0.604828663540034,13,3,6,10,1,1
45.196,47.168,48.723,49.036,52.165,54.078,58.6,63.673,60.721,62.714,64.542,61.522,24.917,26.604,24.771,21.543,22.703,24.026,-0.295094834163802,0.509174602749638,-0.808492586709728,2,6,5,8,12,7
45.02,46.552,47.168,48.404,49.366,49.715,65.324,63.601,63.673,66.831,66.039,63.391,31.278,34.327,26.604,30.454,34.967,29.44,-0.335633109027223,0.871090868010006,-0.358540256867057,12,5,6,9,1,5
43.673,45.005,48.37,49.433,50.323,54.718,56.632,49.539,49.521,53.255,56.242,53.518,35.2,38.162,36.365,38.85,41.016,34.662,-0.0830222430674961,-0.258419933542461,0.962458542018279,20,20,19,1,12,17
45.02,46.552,47.168,48.404,48.723,49.715,65.324,63.601,63.673,66.831,60.721,63.391,31.278,34.327,26.604,30.454,24.771,29.44,-0.304454961919475,0.34993466089268,-0.885919245342676,12,5,6,9,5,5
46.991,48.953,50.132,52.227,55.017,55.65,48.902,49.289,51.275,50.396,54.33,52.061,22.733,19.497,25.772,22.759,23.172,26.219,0.221477572866202,0.490406133078773,-0.842881669842227,3,10,4,1,7,2
43.673,45.005,48.37,49.433,50.323,54.718,56.632,49.539,49.521,53.255,56.242,53.518,35.2,38.162,36.365,38.85,41.016,34.662,-0.0830222430674961,-0.258419933542461,0.962458542018279,20,20,19,1,12,17
44.176,48.125,48.953,50.324,52.438,53.41,51.885,51.77,49.289,50.153,47.064,44.915,17.528,16.712,19.497,14.113,13.742,16.677,0.469149412403091,0.571710789534684,-0.673086622933083,1,6,10,19,12,5
47.168,48.723,49.036,52.165,54.078,55.973,63.673,60.721,62.714,64.542,61.522,59.651,26.604,24.771,21.543,22.703,24.026,21.294,-0.242375761029258,0.25417083472654,-0.936296522069746,6,5,8,12,7,9
48.953,50.132,52.227,53.176,55.017,55.65,49.289,51.275,50.396,46.964,54.33,52.061,19.497,25.772,22.759,21.379,23.172,26.219,0.179897953647405,0.530351290325479,-0.828471022500832,10,4,1,1,7,2
48.125,50.324,52.438,53.41,57.13,57.468,51.77,50.153,47.064,44.915,44.609,48.394,16.712,14.113,13.742,16.677,17.348,17.401,0.276725266285007,0.821199926383039,-0.499052910930278,6,19,12,5,1,1
48.953,52.227,53.176,53.41,55.346,56.912,49.289,50.396,46.964,44.915,46.801,47.44,19.497,22.759,21.379,16.677,25.841,20.904,0.40505858739989,0.802746700677356,-0.437636007802403,10,1,1,5,1,1
52.438,53.176,53.41,56.912,57.13,57.468,47.064,46.964,44.915,47.44,44.609,48.394,13.742,21.379,16.677,20.904,17.348,17.401,0.354842960600866,0.886386512112097,-0.297330497019332,12,1,5,1,1,1
48.37,53.752,57.455,57.495,59.219,62.356,49.521,44.29,40.835,43.734,45.244,44.285,36.365,39.995,38.21,40.601,45.426,40.844,0.0119952881587279,-0.34184430152182,0.939680044791337,19,5,19,13,10,6
46.6,53.949,55.082,55.585,57.647,60.059,39.073,38.491,43.211,38.165,41.854,42.287,25.744,28.291,24.643,31.68,27.117,32.457,0.630073639450852,-0.471818887826605,-0.616761012029151,4,18,5,13,10,13
48.723,49.036,52.165,54.078,55.973,59.565,60.721,62.714,64.542,61.522,59.651,60.612,24.771,21.543,22.703,24.026,21.294,22.191,-0.113135873809937,0.484914836988671,-0.867212704545726,5,8,12,7,9,20
46.903,52.438,53.41,54.079,55.082,57.13,35.639,47.064,44.915,38.302,43.211,44.609,21.404,13.742,16.677,17.304,24.643,17.348,0.416417847990044,-0.0766619342253973,-0.905935496443406,7,12,5,17,5,1
48.37,49.433,50.323,54.718,59.678,59.769,49.521,53.255,56.242,53.518,51.978,52.892,36.365,38.85,41.016,34.662,30.018,36.172,0.133712709638666,-0.261388296452456,0.955927334978328,19,1,12,17,3,11
50.132,52.227,55.017,55.65,55.973,58.696,51.275,50.396,54.33,52.061,59.651,54.66,25.772,22.759,23.172,26.219,21.294,22.335,-0.220362489584988,-0.0602799827538276,-0.973553643546725,4,1,7,2,9,1
53.176,55.082,55.346,57.647,59.061,59.856,46.964,43.211,46.801,41.854,47.094,45.867,21.379,24.643,25.841,27.117,26.271,22.744,0.64709364491398,0.309652792264031,-0.696695746330512,1,5,1,10,1,6
53.176,55.082,55.346,55.65,56.912,59.061,46.964,43.211,46.801,52.061,47.44,47.094,21.379,24.643,25.841,26.219,20.904,26.271,0.580669206242528,0.554468267437015,-0.596144456761167,1,5,1,2,1,1
53.949,55.082,55.585,57.455,57.647,60.059,38.491,43.211,38.165,40.835,41.854,42.287,28.291,24.643,31.68,38.21,27.117,32.457,0.736449417081493,-0.511309622954918,-0.442950026023285,18,5,13,19,10,13
52.227,55.017,55.346,55.65,58.696,59.678,50.396,54.33,46.801,52.061,54.66,51.978,22.759,23.172,25.841,26.219,22.335,30.018,0.122540078915997,0.0189075034542274,-0.992283445076249,1,7,1,2,1,3
54.078,55.017,55.973,58.696,59.565,60.072,61.522,54.33,59.651,54.66,60.612,57.457,24.026,23.172,21.294,22.335,22.191,20.209,-0.399936913407754,-0.0165148207346084,-0.916393870554568,7,7,9,1,20,1
53.176,55.346,56.912,57.13,57.468,59.856,46.964,46.801,47.44,44.609,48.394,45.867,21.379,25.841,20.904,17.348,17.401,22.744,0.622416535309562,0.768148014275273,-0.150154203198565,1,1,1,1,1,6
53.176,53.41,56.912,57.13,57.468,61.212,46.964,44.915,47.44,44.609,48.394,44.861,21.379,16.677,20.904,17.348,17.401,14.289,0.327118798718697,0.854880488849858,0.402706644232081,1,5,1,1,1,3
53.752,57.455,57.495,60.059,61.461,62.356,44.29,40.835,43.734,42.287,43.503,44.285,39.995,38.21,40.601,32.457,35.771,40.844,0.748380910700505,-0.597280442441772,0.28841304681939,5,19,13,13,12,6
53.41,56.912,57.13,57.468,60.459,61.212,44.915,47.44,44.609,48.394,50.312,44.861,16.677,20.904,17.348,17.401,16.025,14.289,0.248385144451391,0.684572221456985,0.685321598685836,5,1,1,1,7,3
53.752,57.455,57.495,59.219,61.461,62.356,44.29,40.835,43.734,45.244,43.503,44.285,39.995,38.21,40.601,45.426,35.771,40.844,0.387419739484835,-0.360941313889667,0.848308501304274,5,19,13,10,12,6
53.949,55.082,55.346,57.647,59.061,60.059,38.491,43.211,46.801,41.854,47.094,42.287,28.291,24.643,25.841,27.117,26.271,32.457,0.755700732722761,-0.101790340323784,-0.646958367423323,18,5,1,10,1,13
55.017,55.65,55.973,58.696,60.072,62.714,54.33,52.061,59.651,54.66,57.457,54.827,23.172,26.219,21.294,22.335,20.209,24.429,-0.123637197713166,-0.55761271253464,-0.820842193214625,7,2,9,1,1,8
52.165,54.078,58.698,59.565,60.299,62.089,64.542,61.522,65.446,60.612,62.363,62.412,22.703,24.026,26.02,22.191,27.594,19.959,-0.148893202942532,0.92592646687528,-0.347118124069279,12,7,1,20,19,3
55.082,55.346,56.912,57.647,59.061,59.856,43.211,46.801,47.44,41.854,47.094,45.867,24.643,25.841,20.904,27.117,26.271,22.744,0.760319619252599,0.285581475382301,-0.583401489111959,5,1,1,10,1,6
53.752,57.495,59.219,62.356,62.862,64.041,44.29,43.734,45.244,44.285,45.517,47.043,39.995,40.601,45.426,40.844,44.411,38.796,0.243423425643237,-0.0701805733481777,0.967377756087369,5,13,10,6,8,12
54.078,55.973,59.565,60.072,60.299,62.089,61.522,59.651,60.612,57.457,62.363,62.412,24.026,21.294,22.191,20.209,27.594,19.959,-0.111065290240028,0.559158005388712,-0.821587990609415,7,9,20,1,19,3
57.468,59.61,60.459,61.212,62.191,65.104,48.394,47.011,50.312,44.861,49.789,49.005,17.401,11.636,16.025,14.289,11.225,13.492,0.015947684664766,0.957804070806037,0.286979151335454,1,9,7,3,3,1
55.65,59.061,59.678,59.769,61.862,61.981,52.061,47.094,51.978,52.892,57.731,52.123,26.219,26.271,30.018,36.172,28.883,27.006,0.770528619724776,0.229348329001994,-0.594714208817163,2,1,3,11,14,1
54.718,59.678,59.769,61.383,64.041,64.383,53.518,51.978,52.892,51.457,47.043,53.775,34.662,30.018,36.172,39.349,38.796,39.365,0.612960999393545,-0.172112390544626,0.77113950634336,17,3,11,16,12,10
55.082,55.346,56.912,57.13,59.061,59.856,43.211,46.801,47.44,44.609,47.094,45.867,24.643,25.841,20.904,17.348,26.271,22.744,0.747167202849463,0.528233055608375,-0.403374528135762,5,1,1,1,1,6
55.585,57.455,57.647,59.061,60.059,61.461,38.165,40.835,41.854,47.094,42.287,43.503,31.68,38.21,27.117,26.271,32.457,35.771,0.847914635533145,-0.451548097368744,-0.277750043404786,13,19,10,1,13,12
55.973,58.696,59.565,60.072,60.488,62.089,59.651,54.66,60.612,57.457,58.579,62.412,21.294,22.335,22.191,20.209,16.609,19.959,-0.753143918311449,0.100772823673554,-0.650091590715751,9,1,20,1,15,3
54.078,58.698,59.565,60.299,61.862,64.878,61.522,65.446,60.612,62.363,57.731,58.816,24.026,26.02,22.191,27.594,28.883,26.898,0.563931330916522,0.824491212457914,-0.0468582393011057,7,1,20,19,14,1
57.468,59.61,60.459,61.212,62.191,65.104,48.394,47.011,50.312,44.861,49.789,49.005,17.401,11.636,16.025,14.289,11.225,13.492,0.015947684664766,0.957804070806037,0.286979151335454,1,9,7,3,3,1
59.565,60.072,60.488,62.089,63.028,64.953,60.612,57.457,58.579,62.412,60.158,60.453,22.191,20.209,16.609,19.959,14.253,18.342,-0.750680860650572,0.256333882170585,-0.608909834297553,20,1,15,3,20,13
57.13,59.61,60.459,61.212,62.191,65.104,44.609,47.011,50.312,44.861,49.789,49.005,17.348,11.636,16.025,14.289,11.225,13.492,0.208008338212893,0.77241918566137,0.600084271462047,1,9,7,3,3,1
61.256,62.199,62.453,63.623,63.777,63.974,52.382,55.056,56.295,50.665,51.161,52.928,2.606,8.524,4.946,-3.061,5.122,-0.013,-0.900154275253593,0.403490240095042,0.164066775706493,11,8,1,10,16,5
59.769,61.383,62.356,62.862,64.041,64.383,52.892,51.457,44.285,45.517,47.043,53.775,36.172,39.349,40.844,44.411,38.796,39.365,0.737668513727458,-0.422170503046586,0.526893945887136,11,16,6,8,12,10
57.455,57.495,60.059,61.461,62.356,64.041,40.835,43.734,42.287,43.503,44.285,47.043,38.21,40.601,32.457,35.771,40.844,38.796,0.859092123489749,-0.467151159238103,0.209118430035163,19,13,13,12,6,12
61.86,61.885,63.368,63.729,64.415,65.51,68.307,72.158,67.185,66.038,72.541,64.561,4.847,10.481,1.53,11.487,2.721,3.306,-0.96608142505258,0.216516225129968,-0.140738780809858,6,19,5,7,1,1
60.299,61.862,61.981,62.714,64.878,67.353,62.363,57.731,52.123,54.827,58.816,56.522,27.594,28.883,27.006,24.429,26.898,28.706,0.953944748156974,-0.0213673344433967,0.299220411206372,19,14,1,8,1,12
61.86,61.885,63.729,64.415,64.652,66.906,68.307,72.158,66.038,72.541,69.73,74.539,4.847,10.481,11.487,2.721,11.446,8.022,-0.996873395678463,0.0709022375905685,0.0348755744488978,6,19,7,1,20,4
58.696,59.061,59.678,61.862,61.981,62.714,54.66,47.094,51.978,57.731,52.123,54.827,22.335,26.271,30.018,28.883,27.006,24.429,0.747988702290644,-0.261651319584405,-0.609960234937736,1,1,3,14,1,8
59.565,60.072,60.488,62.089,63.542,64.953,60.612,57.457,58.579,62.412,63.901,60.453,22.191,20.209,16.609,19.959,14.618,18.342,-0.593588760849685,0.729852682501986,-0.339068495790439,20,1,15,3,6,13
59.61,60.459,61.212,62.191,62.199,65.104,47.011,50.312,44.861,49.789,55.056,49.005,11.636,16.025,14.289,11.225,8.524,13.492,-0.287139969133122,0.735779686092872,0.613334241388253,9,7,3,3,8,1
62.191,62.199,62.453,63.777,65.13,65.91,49.789,55.056,56.295,51.161,59.359,55.747,11.225,8.524,4.946,5.122,8.193,9.15,-0.793226395124663,0.354085624932929,0.495394041439125,3,8,1,16,7,6
57.495,59.219,61.461,62.356,62.862,64.041,43.734,45.244,43.503,44.285,45.517,47.043,40.601,45.426,35.771,40.844,44.411,38.796,0.643647991581125,-0.295131542691092,0.706126501019726,13,10,12,6,8,12
61.256,62.199,62.453,63.777,64.568,65.13,52.382,55.056,56.295,51.161,61.243,59.359,2.606,8.524,4.946,5.122,4.968,8.193,-0.991402992073281,0.0903965377244575,0.0945968988687043,11,8,1,16,4,7
58.696,61.862,61.981,62.714,64.878,67.571,54.66,57.731,52.123,54.827,58.816,53.48,22.335,28.883,27.006,24.429,26.898,23.88,0.995307671283726,-0.0866049476628432,0.0431534763846851,1,14,1,8,1,5
57.495,59.219,61.383,62.356,62.862,64.041,43.734,45.244,51.457,44.285,45.517,47.043,40.601,45.426,39.349,40.844,44.411,38.796,0.420681860062648,-0.207161160518069,0.883238940597071,13,10,16,6,8,12
60.488,62.089,63.028,63.542,64.953,68.084,58.579,62.412,60.158,63.901,60.453,62.175,16.609,19.959,14.253,14.618,18.342,16.99,-0.873225639680369,0.168529753791427,-0.457246874556634,15,3,20,6,13,1
61.86,63.368,64.415,64.568,65.51,68.631,68.307,67.185,72.541,61.243,64.561,71.942,4.847,1.53,2.721,4.968,3.306,1.029,-0.847220526746026,0.147021982265969,-0.510491837144113,6,5,1,4,1,3
62.089,63.028,63.542,63.729,64.953,68.084,62.412,60.158,63.901,66.038,60.453,62.175,19.959,14.253,14.618,11.487,18.342,16.99,-0.89573161961461,-0.0741992013966112,-0.438359834080055,3,20,6,7,13,1
61.256,63.623,63.777,63.974,66.838,70.429,52.382,50.665,51.161,52.928,51.262,51.967,2.606,-3.061,5.122,-0.013,-5.052,-4.03,-0.837687741655027,0.376543721413303,-0.395593318124966,11,10,16,5,10,5
61.885,63.028,63.542,63.729,64.652,68.67,72.158,60.158,63.901,66.038,69.73,62.908,10.481,14.253,14.618,11.487,11.446,8.94,-0.852652202856182,0.260787565708207,0.45274061728156,19,20,6,7,20,18
61.256,62.191,62.199,62.453,63.777,63.974,52.382,49.789,55.056,56.295,51.161,52.928,2.606,11.225,8.524,4.946,5.122,-0.013,-0.76919238271773,0.601106392274326,0.216827543305652,11,3,8,1,16,5
61.256,62.453,63.623,63.777,63.974,66.838,52.382,56.295,50.665,51.161,52.928,51.262,2.606,4.946,-3.061,5.122,-0.013,-5.052,-0.891110735830865,0.384135648178877,-0.241581167074687,11,1,10,16,5,10
61.383,61.461,62.356,62.862,64.041,64.383,51.457,43.503,44.285,45.517,47.043,53.775,39.349,35.771,40.844,44.411,38.796,39.365,0.634663868148752,-0.440251303821554,0.635122479487134,16,12,6,8,12,10
59.769,61.383,62.356,62.862,64.041,64.383,52.892,51.457,44.285,45.517,47.043,53.775,36.172,39.349,40.844,44.411,38.796,39.365,0.737668513727458,-0.422170503046586,0.526893945887136,11,16,6,8,12,10
61.86,63.368,64.415,67.216,68.631,69.731,68.307,67.185,72.541,72.669,71.942,74.508,4.847,1.53,2.721,-2.372,1.029,3.53,-0.510920747435171,0.709884949944699,-0.484792066439106,6,5,1,12,3,10
62.453,64.568,65.13,65.51,68.67,69.861,56.295,61.243,59.359,64.561,62.908,63.043,4.946,4.968,8.193,3.306,8.94,2.55,-0.982350776520404,-0.0167389442000354,-0.186297502980658,1,4,7,1,18,5
61.86,61.885,63.542,63.729,64.652,66.906,68.307,72.158,63.901,66.038,69.73,74.539,4.847,10.481,14.618,11.487,11.446,8.022,-0.876139045066906,0.000746135202965234,0.482057897966115,6,19,6,7,20,4
60.299,61.862,62.714,64.878,67.353,67.571,62.363,57.731,54.827,58.816,56.522,53.48,27.594,28.883,24.429,26.898,28.706,23.88,0.997096075788718,0.0685708981108865,-0.0331277463617055,19,14,8,1,12,5
60.488,62.089,63.028,63.542,64.953,68.084,58.579,62.412,60.158,63.901,60.453,62.175,16.609,19.959,14.253,14.618,18.342,16.99,-0.873225639680369,0.168529753791427,-0.457246874556634,15,3,20,6,13,1
59.61,60.459,61.212,62.191,65.104,65.703,47.011,50.312,44.861,49.789,49.005,45.279,11.636,16.025,14.289,11.225,13.492,9.14,-0.358803311343444,0.878986755181245,0.314073984890383,9,7,3,3,1,20
62.199,62.453,64.568,65.13,65.91,68.67,55.056,56.295,61.243,59.359,55.747,62.908,8.524,4.946,4.968,8.193,9.15,8.94,-0.869699006313451,0.29253098526528,0.397554098302508,8,1,4,7,6,18
61.86,63.368,64.568,65.51,68.67,69.861,68.307,67.185,61.243,64.561,62.908,63.043,4.847,1.53,4.968,3.306,8.94,2.55,-0.891339126176383,-0.201692793042572,-0.405998250466437,6,5,4,1,18,5
65.613,67.216,67.65,68.857,69.386,71.8,70.338,72.669,70.829,65.808,67.817,70.657,-4.849,-2.372,-8.017,-7.08,-3.951,-3.336,-0.250064419251365,0.00637580400900402,-0.968208208676066,12,12,7,1,5,10
59.61,61.212,62.191,63.777,65.104,65.703,47.011,44.861,49.789,51.161,49.005,45.279,11.636,14.289,11.225,5.122,13.492,9.14,-0.706372365394477,0.510609937401079,0.490219923334698,9,3,3,16,1,20
62.199,62.453,63.777,64.568,65.13,65.91,55.056,56.295,51.161,61.243,59.359,55.747,8.524,4.946,5.122,4.968,8.193,9.15,-0.94389634991108,0.0340264055941857,0.328484222371305,8,1,16,4,7,6
63.623,63.974,66.838,70.429,70.837,73.568,50.665,52.928,51.262,51.967,55.786,57.192,-3.061,-0.013,-5.052,-4.03,-3.898,-6.117,0.0792144400654458,0.232890772763985,-0.969271355424533,10,5,10,5,20,1
61.885,64.415,64.652,66.906,69.731,72.321,72.158,72.541,69.73,74.539,74.508,75.438,10.481,2.721,11.446,8.022,3.53,6.16,-0.501728060885947,0.864736894063348,-0.0223395829258622,19,1,20,4,10,12
64.415,65.613,67.216,68.631,69.386,71.8,72.541,70.338,72.669,71.942,67.817,70.657,2.721,-4.849,-2.372,1.029,-3.951,-3.336,-0.702915567324801,0.575123082909368,-0.418501068955955,1,12,12,3,5,10
61.862,62.714,64.878,67.353,67.571,69.498,57.731,54.827,58.816,56.522,53.48,53.733,28.883,24.429,26.898,28.706,23.88,27.181,0.971567533901525,0.226655204496619,0.0684393552212771,14,8,1,12,5,2
61.981,62.714,64.878,67.353,67.571,69.498,52.123,54.827,58.816,56.522,53.48,53.733,27.006,24.429,26.898,28.706,23.88,27.181,0.947513845874966,0.306387452643739,0.0913468156955265,1,8,1,12,5,2
65.613,67.216,67.65,68.857,69.386,69.456,70.338,72.669,70.829,65.808,67.817,66.465,-4.849,-2.372,-8.017,-7.08,-3.951,-10.736,0.221654370947955,-0.929043485087137,-0.296222117095961,12,12,7,1,5,6
63.028,63.542,64.953,68.084,70.305,70.326,60.158,63.901,60.453,62.175,60.807,63.594,14.253,14.618,18.342,16.99,11.692,14.249,-0.127136425333043,-0.451695538160565,0.883067081347376,20,6,13,1,2,4
64.415,67.216,68.631,69.731,71.8,74.498,72.541,72.669,71.942,74.508,70.657,73.943,2.721,-2.372,1.029,3.53,-3.336,1.139,-0.269365060833505,0.877875664143038,-0.395950479615295,1,12,3,10,10,6
64.568,65.13,68.67,70.305,70.326,73.982,61.243,59.359,62.908,60.807,63.594,63.868,4.968,8.193,8.94,11.692,14.249,8.766,-0.433794036072206,0.608938694987416,0.664090656473352,4,7,18,2,4,3
67.65,68.857,69.386,69.456,72.582,73.438,70.829,65.808,67.817,66.465,64.128,65.671,-8.017,-7.08,-3.951,-10.736,-3.936,-7.314,0.151463510528036,-0.856090817252826,-0.494132894668946,7,1,5,6,3,8
65.613,67.65,68.857,69.386,71.8,72.582,70.338,70.829,65.808,67.817,70.657,64.128,-4.849,-8.017,-7.08,-3.951,-3.336,-3.936,-0.58299538010067,-0.495587532341965,-0.643824032301123,12,7,1,5,10,3
67.65,68.857,69.386,69.456,72.582,73.438,70.829,65.808,67.817,66.465,64.128,65.671,-8.017,-7.08,-3.951,-10.736,-3.936,-7.314,0.151463510528036,-0.856090817252826,-0.494132894668946,7,1,5,6,3,8
61.981,62.714,64.878,67.353,67.571,69.498,52.123,54.827,58.816,56.522,53.48,53.733,27.006,24.429,26.898,28.706,23.88,27.181,0.947513845874966,0.306387452643739,0.0913468156955265,1,8,1,12,5,2
69.651,69.861,70.185,70.837,72.582,74.91,60.823,63.043,61.197,55.786,64.128,59.735,-0.533,2.55,-4.277,-3.898,-3.936,-3.723,-0.523872040710804,-0.333264838172974,-0.783895804682637,14,5,8,20,3,13
66.906,68.631,69.731,72.321,73.526,74.498,74.539,71.942,74.508,75.438,71.914,73.943,8.022,1.029,3.53,6.16,6.609,1.139,-0.365550027951853,0.928956296124623,-0.0584241127859162,4,3,10,12,3,6
64.568,65.51,68.67,69.651,69.861,70.185,61.243,64.561,62.908,60.823,63.043,61.197,4.968,3.306,8.94,-0.533,2.55,-4.277,-0.828926227955595,-0.52152846239551,-0.20221120522534,4,1,18,14,5,8
69.651,70.185,70.837,72.582,73.568,74.91,60.823,61.197,55.786,64.128,57.192,59.735,-0.533,-4.277,-3.898,-3.936,-6.117,-3.723,-0.0674940788529222,-0.407047481932842,-0.910909927913802,14,8,20,3,1,13
68.67,70.305,70.326,73.982,74.279,74.612,62.908,60.807,63.594,63.868,57.536,62.641,8.94,11.692,14.249,8.766,11.379,12.267,-0.032962054211249,0.569259193860474,0.821497092622669,18,2,4,3,2,1
68.084,68.67,70.305,70.326,73.982,74.612,62.175,62.908,60.807,63.594,63.868,62.641,16.99,8.94,11.692,14.249,8.766,12.267,0.0625903201480601,0.578616594490839,0.813194496048508,1,18,2,4,3,1
63.623,66.838,70.429,70.837,73.568,76.602,50.665,51.262,51.967,55.786,57.192,54.485,-3.061,-5.052,-4.03,-3.898,-6.117,-2.815,0.360451428157771,-0.0267613785488383,-0.932394013578589,10,10,5,20,1,6
70.185,70.429,70.837,73.568,74.91,76.602,61.197,51.967,55.786,57.192,59.735,54.485,-4.277,-4.03,-3.898,-6.117,-3.723,-2.815,0.749287195596379,-0.0579415612843475,-0.659705596452877,8,5,20,1,13,6
67.216,68.631,69.386,71.8,75.008,76.796,72.669,71.942,67.817,70.657,68.684,69.259,-2.372,1.029,-3.951,-3.336,-5.635,-2.322,0.466423033993423,0.823507838167135,-0.322930942830914,12,3,5,10,20,4
66.906,69.731,72.321,73.526,74.498,76.623,74.539,74.508,75.438,71.914,73.943,73.16,8.022,3.53,6.16,6.609,1.139,4.149,0.284365224912405,0.956972988208107,-0.0577851079480098,4,10,12,3,6,15
72.377,73.606,74.279,75.366,75.532,75.91,55.047,53.919,57.536,54.856,52.236,58.577,13.585,7.674,11.379,15.921,10.47,16.413,-0.824961914633283,-0.0456764271922345,0.563339598646803,4,15,2,17,10,1
68.857,69.386,70.185,72.582,73.438,74.91,65.808,67.817,61.197,64.128,65.671,59.735,-7.08,-3.951,-4.277,-3.936,-7.314,-3.723,-0.278557929293756,-0.723992470941909,-0.631062898645613,1,5,8,3,8,13
68.857,69.386,69.456,72.582,73.438,75.008,65.808,67.817,66.465,64.128,65.671,68.684,-7.08,-3.951,-10.736,-3.936,-7.314,-5.635,0.221677601974824,-0.912745093522288,-0.343155118035096,1,5,6,3,8,20
69.731,72.321,73.526,74.498,76.205,76.623,74.508,75.438,71.914,73.943,71.325,73.16,3.53,6.16,6.609,1.139,9.113,4.149,-0.0769061768036342,0.996957189168932,0.0127201782153262,10,12,3,6,11,15
70.185,70.837,73.568,74.91,76.602,78.952,61.197,55.786,57.192,59.735,54.485,57.517,-4.277,-3.898,-6.117,-3.723,-2.815,-2.594,0.82904932241702,0.0261838661763973,-0.558562105904022,8,20,1,13,6,12
65.91,72.377,73.606,74.279,75.532,78.516,55.747,55.047,53.919,57.536,52.236,52.025,9.15,13.585,7.674,11.379,10.47,6.396,-0.583805897602665,-0.238934805802874,0.775938678311817,6,4,15,2,10,1
68.67,70.305,73.982,74.612,78.317,79.504,62.908,60.807,63.868,62.641,65.09,65.524,8.94,11.692,8.766,12.267,8.1,11.691,-0.183155135834949,0.400203478839334,0.897937287198931,18,2,3,1,15,4
70.305,72.377,73.606,74.279,74.612,75.366,60.807,55.047,53.919,57.536,62.641,54.856,11.692,13.585,7.674,11.379,12.267,15.921,-0.539526027716392,0.0928198835517129,0.836836982114209,2,4,15,2,1,17
69.731,71.8,72.321,73.526,74.498,76.623,74.508,70.657,75.438,71.914,73.943,73.16,3.53,-3.336,6.16,6.609,1.139,4.149,0.061195706049742,0.918804798044598,-0.389939519222275,10,10,12,3,6,15
70.305,70.326,73.982,74.279,74.612,77.494,60.807,63.594,63.868,57.536,62.641,61.358,11.692,14.249,8.766,11.379,12.267,14.302,-0.0559856269190359,0.620652414693605,0.782084515710086,2,4,3,2,1,2
70.185,72.582,73.568,74.91,76.602,78.952,61.197,64.128,57.192,59.735,54.485,57.517,-4.277,-3.936,-6.117,-3.723,-2.815,-2.594,0.814128265980043,0.0666670945459684,-0.576845442936952,8,3,1,13,6,12
69.386,71.8,72.582,73.438,75.008,76.796,67.817,70.657,64.128,65.671,68.684,69.259,-3.951,-3.336,-3.936,-7.314,-5.635,-2.322,0.558308440077463,-0.292541033933788,-0.776344916389114,5,10,3,8,20,4
72.377,74.279,75.366,75.532,75.91,77.313,55.047,57.536,54.856,52.236,58.577,49.049,13.585,11.379,15.921,10.47,16.413,17.007,-0.775563569636872,0.118512532940656,0.62004510238216,4,2,17,10,1,3
72.377,73.606,74.279,75.532,78.516,79.734,55.047,53.919,57.536,52.236,52.025,49.407,13.585,7.674,11.379,10.47,6.396,11.847,-0.588112050819031,-0.124917663476565,0.799074335110939,4,15,2,10,1,6
72.377,74.279,75.366,75.91,77.494,80.275,55.047,57.536,54.856,58.577,61.358,58.203,13.585,11.379,15.921,16.413,14.302,18.514,-0.731255569524273,0.298006018444595,0.613561492444344,4,2,17,1,2,5
72.321,73.526,76.205,76.623,78.629,79.937,75.438,71.914,71.325,73.16,75.402,70.727,6.16,6.609,9.113,4.149,6.449,9.136,0.374356328419364,0.709744110974396,0.596758440501294,12,3,11,15,3,6
73.568,74.91,76.602,78.045,78.773,78.952,57.192,59.735,54.485,51.036,52.776,57.517,-6.117,-3.723,-2.815,-3.568,1.377,-2.594,0.914306443101506,0.287545224513143,-0.285239324011887,1,13,6,1,6,12
72.321,73.526,74.498,76.205,76.623,78.629,75.438,71.914,73.943,71.325,73.16,75.402,6.16,6.609,1.139,9.113,4.149,6.449,-0.139201543813071,0.905323700401751,0.401262915917904,12,3,6,11,15,3
70.429,76.602,76.751,78.045,78.773,79.572,51.967,54.485,48.5,51.036,52.776,49.063,-4.03,-2.815,-1.018,-3.568,1.377,1.418,0.70849180622122,0.0785134956864085,-0.701338000904339,5,6,5,1,6,2
71.8,72.582,73.438,74.498,75.008,76.796,70.657,64.128,65.671,73.943,68.684,69.259,-3.336,-3.936,-7.314,1.139,-5.635,-2.322,0.43611959406965,0.273504204600351,-0.857318581237134,10,3,8,6,20,4
72.377,75.366,75.532,77.313,79.734,81.533,55.047,54.856,52.236,49.049,49.407,45.88,13.585,15.921,10.47,17.007,11.847,14.437,-0.760982238336901,0.0191133155432957,0.648491105648106,4,17,10,3,6,20
74.279,74.612,75.91,77.494,79.504,80.275,57.536,62.641,58.577,61.358,65.524,58.203,11.379,12.267,16.413,14.302,11.691,18.514,-0.542336756218194,0.495320621877658,0.678622372455741,2,1,1,2,4,5
76.602,76.751,78.045,78.773,78.952,79.572,54.485,48.5,51.036,52.776,57.517,49.063,-2.815,-1.018,-3.568,1.377,-2.594,1.418,0.775911441562008,0.154234604930461,-0.611696919638403,6,5,1,6,12,2
73.982,78.317,79.504,79.937,82.686,83.566,63.868,65.09,65.524,70.727,65.95,62.306,8.766,8.1,11.691,9.136,6.581,6.926,0.306617834187405,0.921574456440123,0.238088271435861,3,15,4,6,5,3
73.606,75.532,78.516,78.773,79.572,79.734,53.919,52.236,52.025,52.776,49.063,49.407,7.674,10.47,6.396,1.377,1.418,11.847,0.852640009267492,-0.455427365669774,-0.256107261114209,15,10,1,6,2,6
73.526,76.205,76.623,78.629,79.937,81.97,71.914,71.325,73.16,75.402,70.727,73.843,6.609,9.113,4.149,6.449,9.136,7.411,0.717700671535683,0.231940780949287,0.656589080178665,3,11,15,3,6,7
76.602,76.751,78.045,78.516,78.773,79.572,54.485,48.5,51.036,52.025,52.776,49.063,-2.815,-1.018,-3.568,6.396,1.377,1.418,0.753301825843979,-0.0436612286900945,-0.656224089994721,6,5,1,1,6,2
73.568,74.91,76.602,78.045,78.773,78.952,57.192,59.735,54.485,51.036,52.776,57.517,-6.117,-3.723,-2.815,-3.568,1.377,-2.594,0.914306443101506,0.287545224513143,-0.285239324011887,1,13,6,1,6,12
76.751,79.33,79.572,82.544,83.036,84.208,48.5,42.413,49.063,47.857,43.811,46.252,-1.018,5.079,1.418,9.835,1.965,11.694,0.55261022370928,0.0702323750265453,-0.830475378412937,5,3,2,19,10,20
74.612,77.494,78.317,79.504,79.937,83.93,62.641,61.358,65.09,65.524,70.727,67.244,12.267,14.302,8.1,11.691,9.136,9.951,0.22765705075926,0.387121287245453,0.893481603728369,1,2,15,4,6,12
76.751,78.045,78.516,78.773,79.572,83.036,48.5,51.036,52.025,52.776,49.063,43.811,-1.018,-3.568,6.396,1.377,1.418,1.965,0.692324443426157,0.154675089354268,-0.704813792265667,5,1,1,6,2,10
75.532,77.313,79.734,81.533,82.544,84.208,52.236,49.049,49.407,45.88,47.857,46.252,10.47,17.007,11.847,14.437,9.835,11.694,0.404986574354662,0.270466467467215,-0.873403551955384,10,3,6,20,19,20
76.205,78.629,79.937,81.97,82.811,83.93,71.325,75.402,70.727,73.843,70.454,67.244,9.113,6.449,9.136,7.411,11.654,9.951,0.878289791014216,0.176005040837815,0.444555135612989,11,3,6,7,16,12
80.1,80.275,81.704,82.018,85.454,85.512,59.455,58.203,60.854,56.2,57.131,55.646,23.923,18.514,20.757,23.419,18.443,24.735,-0.784358973491003,0.499223046185385,0.368181138655315,6,5,13,16,6,8
80.153,80.905,81.159,82.71,84.859,85.774,47.518,49.693,48.035,52.919,48.422,48.502,28.107,31.064,24.506,31.671,34.767,24.494,-0.608041036882687,0.740175055331075,0.287101001273538,3,1,7,5,3,19
75.91,80.1,80.275,81.704,82.018,85.454,58.577,59.455,58.203,60.854,56.2,57.131,16.413,23.923,18.514,20.757,23.419,18.443,-0.775944998842711,0.518576040921513,0.359149340181984,1,6,5,13,16,6
80.153,80.905,81.159,82.71,84.814,84.859,47.518,49.693,48.035,52.919,54.726,48.422,28.107,31.064,24.506,31.671,29.121,34.767,-0.620043109272236,0.77183452845983,0.140776430275846,3,1,7,5,7,3
77.313,80.153,80.905,81.159,82.018,85.774,49.049,47.518,49.693,48.035,56.2,48.502,17.007,28.107,31.064,24.506,23.419,24.494,-0.644865128302448,0.758908307382217,0.0905933070691482,3,3,1,7,16,19
77.313,79.734,81.533,82.544,84.208,86.194,49.049,49.407,45.88,47.857,46.252,47.262,17.007,11.847,14.437,9.835,11.694,17.512,0.316682793312467,0.426369545023397,-0.847302200809342,3,6,20,19,20,11
80.1,80.275,81.704,82.018,84.96,85.454,59.455,58.203,60.854,56.2,62.361,57.131,23.923,18.514,20.757,23.419,15.086,18.443,-0.497631487240658,0.58556795349159,0.639900831965643,6,5,13,16,12,6
76.623,78.629,79.937,81.97,82.811,83.717,73.16,75.402,70.727,73.843,70.454,75.74,4.149,6.449,9.136,7.411,11.654,10.187,0.843294044402429,-0.0694625256878853,0.532944755298759,15,3,6,7,16,2
80.1,80.275,81.704,82.018,85.454,85.512,59.455,58.203,60.854,56.2,57.131,55.646,23.923,18.514,20.757,23.419,18.443,24.735,-0.784358973491003,0.499223046185385,0.368181138655315,6,5,13,16,6,8
78.516,79.734,81.533,82.544,84.208,87.909,52.025,49.407,45.88,47.857,46.252,52.772,6.396,11.847,14.437,9.835,11.694,9.761,0.58491108818085,-0.319249672381094,-0.745626357908341,1,6,20,19,20,10
78.317,79.504,82.686,83.566,83.726,83.93,65.09,65.524,65.95,62.306,60.828,67.244,8.1,11.691,6.581,6.926,3.498,9.951,0.468366915216204,0.751258426808785,-0.465019579028289,15,4,5,3,10,12
80.905,82.71,84.04,84.814,84.859,88.243,49.693,52.919,57.971,54.726,48.422,55.508,31.064,31.671,32.945,29.121,34.767,30.498,-0.752420869179285,0.658304830372408,0.022306634256328,1,5,10,7,3,10
79.937,81.97,82.811,83.717,83.93,86.894,70.727,73.843,70.454,75.74,67.244,74.084,9.136,7.411,11.654,10.187,9.951,11.412,0.966766656192214,-0.242605127598799,0.080653484349382,6,7,16,2,12,3
76.751,79.33,79.572,82.544,83.036,86.855,48.5,42.413,49.063,47.857,43.811,42.323,-1.018,5.079,1.418,9.835,1.965,-1.899,0.477432620693035,0.56818237208371,-0.670243899451169,5,3,2,19,10,19
78.773,83.201,83.566,83.726,85.049,87.401,52.776,57.118,62.306,60.828,54.777,56.974,1.377,3.534,6.926,3.498,8.27,6.26,0.771787043936703,0.509765083024269,-0.380110929783275,6,3,3,10,5,10
78.317,82.686,83.201,83.566,83.726,83.93,65.09,65.95,57.118,62.306,60.828,67.244,8.1,6.581,3.534,6.926,3.498,9.951,0.732519919383052,0.529872455588286,-0.427375418708056,15,5,3,3,10,12
78.629,79.937,81.97,82.811,83.717,86.894,75.402,70.727,73.843,70.454,75.74,74.084,6.449,9.136,7.411,11.654,10.187,11.412,0.892468471823564,-0.00957254712002724,0.451008196314154,3,6,7,16,2,3
82.686,83.201,83.566,83.726,85.049,87.401,65.95,57.118,62.306,60.828,54.777,56.974,6.581,3.534,6.926,3.498,8.27,6.26,0.543349136173044,0.647528726246563,-0.534301660960838,5,3,3,10,5,10
79.504,79.937,82.686,82.811,83.93,86.041,65.524,70.727,65.95,70.454,67.244,65.896,11.691,9.136,6.581,11.654,9.951,14.294,0.951636000572722,0.0563522485961017,0.302015473928271,4,6,5,16,12,8
82.71,84.04,84.814,87.243,88.243,88.941,52.919,57.971,54.726,59.104,55.508,58.528,31.671,32.945,29.121,31.22,30.498,35.758,-0.133091786314189,0.886706647298507,-0.44276167184202,5,10,7,8,10,4
79.734,81.533,82.544,84.208,86.194,90.942,49.407,45.88,47.857,46.252,47.262,46.413,11.847,14.437,9.835,11.694,17.512,9.095,0.187515858410696,0.208922011957038,-0.959786119801866,6,20,19,20,11,7
82.71,84.04,84.814,85.512,87.243,88.243,52.919,57.971,54.726,55.646,59.104,55.508,31.671,32.945,29.121,24.735,31.22,30.498,-0.685897699858966,0.693929593710514,-0.219102862375053,5,10,7,8,8,10
80.905,82.71,84.859,87.165,88.086,90.426,49.693,52.919,48.422,45.386,45.306,48.48,31.064,31.671,34.767,34.968,38.654,35.278,-0.708360514571134,0.447231691404745,0.546085337286921,1,5,3,3,12,14
81.704,84.96,85.454,86.041,86.35,89.019,60.854,62.361,57.131,65.896,57.654,57.609,20.757,15.086,18.443,14.294,12.413,17.152,0.652119315830252,0.560917519270586,0.510011700352469,13,12,6,8,7,7
83.201,85.049,86.35,87.401,87.909,89.426,57.118,54.777,57.654,56.974,52.772,56.111,3.534,8.27,12.413,6.26,9.761,10.777,0.951218291286458,0.250671291581359,0.179854568746543,3,5,7,10,10,10
80.275,85.454,85.769,88.045,89.019,89.275,58.203,57.131,54.333,57.825,57.609,54.157,18.514,18.443,14.211,22.922,17.152,15.669,0.672510599705127,0.597748426208675,0.436378634043078,5,6,14,6,7,9
82.018,84.814,85.512,88.045,88.243,89.66,56.2,54.726,55.646,57.825,55.508,54.784,23.419,29.121,24.735,22.922,30.498,21.387,0.248614735095644,0.876795406247259,-0.411607251001518,16,7,8,6,10,15
85.454,85.769,86.35,87.909,89.275,89.426,57.131,54.333,57.654,52.772,54.157,56.111,18.443,14.211,12.413,9.761,15.669,10.777,0.990183932843353,-0.0721380640522581,0.119715825410273,6,14,7,10,9,10
80.153,81.159,85.512,85.774,86.194,90.807,47.518,48.035,55.646,48.502,47.262,48.407,28.107,24.506,24.735,24.494,17.512,25.556,-0.461595690835367,0.886990615976478,-0.0133065912948378,3,7,8,19,11,12
79.504,82.686,82.811,83.93,84.96,86.041,65.524,65.95,70.454,67.244,62.361,65.896,11.691,6.581,11.654,9.951,15.086,14.294,0.85424611565433,0.0500735693426685,0.517451651405978,4,5,16,12,12,8
81.533,84.208,85.774,86.194,91.635,92.204,45.88,46.252,48.502,47.262,47.438,46.47,14.437,11.694,24.494,17.512,18.892,12.652,0.197075730752244,0.692302181429613,-0.694174939000443,20,20,19,11,3,12
84.96,85.049,85.769,86.35,89.019,89.426,62.361,54.777,54.333,57.654,57.609,56.111,15.086,8.27,14.211,12.413,17.152,10.777,0.873659551368035,0.117278548015701,0.4721914129659,12,5,14,7,7,10
76.751,79.33,79.572,83.036,86.855,90.942,48.5,42.413,49.063,43.811,42.323,46.413,-1.018,5.079,1.418,1.965,-1.899,9.095,0.109581906667395,0.618450296557192,-0.778145896615448,5,3,2,10,19,7
79.937,81.97,82.811,83.717,83.93,86.894,70.727,73.843,70.454,75.74,67.244,74.084,9.136,7.411,11.654,10.187,9.951,11.412,0.966766656192214,-0.242605127598799,0.080653484349382,6,7,16,2,12,3
84.859,87.165,88.086,88.824,90.426,91.554,48.422,45.386,45.306,41.436,48.48,41.217,34.767,34.968,38.654,38.038,35.278,35.403,-0.282301896094535,0.266920138571043,0.921444126947828,3,3,12,7,14,12
84.04,84.814,85.512,87.243,88.243,88.941,57.971,54.726,55.646,59.104,55.508,58.528,32.945,29.121,24.735,31.22,30.498,35.758,-0.227655965916217,0.799149697294086,-0.556356470706979,10,7,8,8,10,4
83.201,83.726,85.049,87.401,87.909,89.426,57.118,60.828,54.777,56.974,52.772,56.111,3.534,3.498,8.27,6.26,9.761,10.777,0.949581928182567,0.244646318903391,-0.196067183169693,3,10,5,10,10,10
87.721,88.941,92.385,92.948,93.575,95.468,56.941,58.528,53.871,54.549,59.054,57.378,40.523,35.758,36.839,40.522,37.654,40.495,0.587738795900146,0.456656440845591,0.667853279417031,17,4,3,9,4,10
85.049,85.769,86.35,87.401,87.909,89.426,54.777,54.333,57.654,56.974,52.772,56.111,8.27,14.211,12.413,6.26,9.761,10.777,0.974188140175169,-0.197163753091986,-0.109926893928317,5,14,7,10,10,10
82.018,85.454,85.512,88.045,89.019,89.66,56.2,57.131,55.646,57.825,57.609,54.784,23.419,18.443,24.735,22.922,17.152,21.387,0.530541708239619,0.538250989085811,0.654836902263711,16,6,8,6,7,15
87.165,88.086,88.824,90.426,91.81,92.343,45.386,45.306,41.436,48.48,45.905,44.427,34.968,38.654,38.038,35.278,39,42.443,-0.381709839029913,0.0901934025391085,0.919871050162019,3,12,7,14,10,10
82.71,84.04,84.814,87.243,88.243,88.941,52.919,57.971,54.726,59.104,55.508,58.528,31.671,32.945,29.121,31.22,30.498,35.758,-0.133091786314189,0.886706647298507,-0.44276167184202,5,10,7,8,10,4
87.165,88.086,88.824,91.554,91.81,92.914,45.386,45.306,41.436,41.217,45.905,38.092,34.968,38.654,38.038,35.403,39,37.138,0.294071967144667,-0.141575155326914,0.945239733366,3,12,7,12,10,2
84.04,87.243,87.721,88.941,92.385,93.575,57.971,59.104,56.941,58.528,53.871,59.054,32.945,31.22,40.523,35.758,36.839,37.654,0.460808353184562,0.642913438196563,-0.611815309240956,10,8,17,4,3,4
85.454,85.769,86.35,89.019,89.275,89.66,57.131,54.333,57.654,57.609,54.157,54.784,18.443,14.211,12.413,17.152,15.669,21.387,0.983441205076776,0.164296207661567,0.0764862883474311,6,14,7,7,9,15
85.454,85.769,86.35,89.019,89.275,89.426,57.131,54.333,57.654,57.609,54.157,56.111,18.443,14.211,12.413,17.152,15.669,10.777,0.908590809065291,0.339632705209915,0.243130350293572,6,14,7,7,9,10
85.049,86.35,87.401,87.909,89.275,89.426,54.777,57.654,56.974,52.772,54.157,56.111,8.27,12.413,6.26,9.761,15.669,10.777,0.971681003152288,-0.111317715914139,0.208433188903834,5,7,10,10,9,10
85.454,85.512,88.045,89.019,89.275,89.66,57.131,55.646,57.825,57.609,54.157,54.784,18.443,24.735,22.922,17.152,15.669,21.387,0.86760916335499,0.236661725483539,0.437316324133467,6,8,6,7,9,15
84.859,87.165,88.086,90.426,91.81,94.606,48.422,45.386,45.306,48.48,45.905,51.577,34.767,34.968,38.654,35.278,39,34.79,-0.0746651412039484,0.412066318471827,0.908089459177932,3,3,12,14,10,12
85.774,90.807,91.635,94.859,95.163,96.12,48.502,48.407,47.438,47.849,47.903,46.147,24.494,25.556,18.892,25.326,29.043,22.215,0.648085097433792,0.757114233552519,0.0822419834173193,19,12,3,6,17,7
84.208,87.909,90.942,92.204,93,95.368,46.252,52.772,46.413,46.47,39.86,42.801,11.694,9.761,9.095,12.652,12.557,12.705,0.413532259286966,-0.403454735779231,-0.81622015823326,20,10,7,12,20,7
91.264,91.81,92.343,92.385,92.948,93.916,50.012,45.905,44.427,53.871,54.549,47.7,42.077,39,42.443,36.839,40.522,43.506,0.362123655335136,0.0104640723755475,0.932071328513027,9,10,10,3,9,12
87.165,88.086,88.824,91.554,91.81,92.914,45.386,45.306,41.436,41.217,45.905,38.092,34.968,38.654,38.038,35.403,39,37.138,0.294071967144667,-0.141575155326914,0.945239733366,3,12,7,12,10,2
86.194,91.635,92.204,95.892,96.12,96.424,47.262,47.438,46.47,46.837,46.147,43.986,17.512,18.892,12.652,18.515,22.215,16.118,0.708299030909558,0.485821083793792,-0.512142907159717,11,3,12,6,7,16
88.086,90.426,91.264,91.81,92.343,93.916,45.306,48.48,50.012,45.905,44.427,47.7,38.654,35.278,42.077,39,42.443,43.506,-0.0820677806831247,0.208820130538552,0.974504506123809,12,14,9,10,10,12
90.942,91.635,92.204,93,95.368,96.424,46.413,47.438,46.47,39.86,42.801,43.986,9.095,18.892,12.652,12.557,12.705,16.118,0.645875953451942,-0.154207993631484,-0.747705923109277,7,3,12,20,7,16
88.086,88.824,91.264,91.81,92.343,93.916,45.306,41.436,50.012,45.905,44.427,47.7,38.654,38.038,42.077,39,42.443,43.506,-0.188473598151831,-0.135224401588557,0.972724043094813,12,7,9,10,10,12
88.941,92.385,92.948,93.575,94.606,95.468,58.528,53.871,54.549,59.054,51.577,57.378,35.758,36.839,40.522,37.654,34.79,40.495,0.83168629006707,0.467674134399198,0.299297208353896,4,3,9,4,12,10
88.086,88.824,91.554,91.81,92.343,92.914,45.306,41.436,41.217,45.905,44.427,38.092,38.654,38.038,35.403,39,42.443,37.138,0.296700934396893,-0.174524891044748,0.938887436242402,12,7,12,10,10,2
87.721,91.264,92.385,92.948,93.575,95.468,56.941,50.012,53.871,54.549,59.054,57.378,40.523,42.077,36.839,40.522,37.654,40.495,0.0582313643358648,0.215714035917788,0.974718709636602,17,9,3,9,4,10
90.942,92.204,93,95.368,95.892,96.424,46.413,46.47,39.86,42.801,46.837,43.986,9.095,12.652,12.557,12.705,18.515,16.118,0.703105668560298,-0.28845336679426,-0.649951593600195,7,12,20,7,6,16
87.721,88.941,92.385,92.948,93.575,95.468,56.941,58.528,53.871,54.549,59.054,57.378,40.523,35.758,36.839,40.522,37.654,40.495,0.587738795900146,0.456656440845591,0.667853279417031,17,4,3,9,4,10
90.426,92.385,93.825,94.606,94.859,95.163,48.48,53.871,50.721,51.577,47.849,47.903,35.278,36.839,31.179,34.79,25.326,29.043,0.963533542530737,0.24089224799302,0.1165076704558,14,3,7,12,6,17
88.086,91.264,91.81,92.343,92.948,93.916,45.306,50.012,45.905,44.427,54.549,47.7,38.654,42.077,39,42.443,40.522,43.506,-0.2794909295324,-0.0320899467630433,0.959611929701721,12,9,10,10,9,12
90.426,92.385,92.948,93.825,94.606,95.163,48.48,53.871,54.549,50.721,51.577,47.903,35.278,36.839,40.522,31.179,34.79,29.043,0.90973343598614,0.135270414278948,0.392539157880655,14,3,9,7,12,17
90.807,93.825,94.859,95.163,96.12,96.263,48.407,50.721,47.849,47.903,46.147,41.66,25.556,31.179,25.326,29.043,22.215,27.745,0.930664771801081,0.348143718735683,-0.112512371023507,12,7,6,17,7,5
90.807,93.825,94.859,95.163,96.263,99.388,48.407,50.721,47.849,47.903,41.66,42.681,25.556,31.179,25.326,29.043,27.745,29.561,0.950496777962842,0.287367355126101,0.118219618888257,12,7,6,17,5,13
90.942,92.204,93,95.368,95.892,96.424,46.413,46.47,39.86,42.801,46.837,43.986,9.095,12.652,12.557,12.705,18.515,16.118,0.703105668560298,-0.28845336679426,-0.649951593600195,7,12,20,7,6,16
87.721,88.941,92.385,92.948,93.575,95.468,56.941,58.528,53.871,54.549,59.054,57.378,40.523,35.758,36.839,40.522,37.654,40.495,0.587738795900146,0.456656440845591,0.667853279417031,17,4,3,9,4,10
91.635,92.204,94.859,95.892,96.12,96.424,47.438,46.47,47.849,46.837,46.147,43.986,18.892,12.652,25.326,18.515,22.215,16.118,0.886958812300405,0.392397496426301,-0.243573951975629,3,12,6,6,7,16
91.554,92.914,96.088,96.12,96.263,99.388,41.217,38.092,37.87,46.147,41.66,42.681,35.403,37.138,27.608,22.215,27.745,29.561,0.976409951929974,-0.20316906027181,-0.0731159265849449,12,2,7,7,5,13
90.807,91.635,94.859,95.892,96.12,96.424,48.407,47.438,47.849,46.837,46.147,43.986,25.556,18.892,25.326,18.515,22.215,16.118,0.837650032138291,0.46934216382322,-0.279392836193877,12,3,6,6,7,16
94.859,95.163,96.088,96.12,96.263,99.388,47.849,47.903,37.87,46.147,41.66,42.681,25.326,29.043,27.608,22.215,27.745,29.561,0.981068553725226,-0.16698773647551,-0.09807950223303,6,17,7,7,5,13
92.204,93,95.368,95.892,96.12,96.424,46.47,39.86,42.801,46.837,46.147,43.986,12.652,12.557,12.705,18.515,22.215,16.118,0.860632230158711,-0.324880656076101,-0.392128453085983,12,20,7,6,7,16
94.859,95.163,96.088,96.12,96.263,99.388,47.849,47.903,37.87,46.147,41.66,42.681,25.326,29.043,27.608,22.215,27.745,29.561,0.981068553725226,-0.16698773647551,-0.09807950223303,6,17,7,7,5,13
