Coord_1,Coord_2,Coord_3,Coord_4,Coord_5,Coord_6,Coord_7,Coord_8,Coord_9,Coord_10,Coord_11,Coord_12,Coord_13,Coord_14,Coord_15,Coord_16,Coord_17,Coord_18,Coord_19,Coord_20,Coord_21,Norm_V_1,Norm_V_2,Norm_V_3,Res_Type_1,Res_Type_2,Res_Type_3,Res_Type_4,Res_Type_5,Res_Type_6,Res_Type_7
32.63,35.485,36.393,38.682,39.548,41.085,25.422,52.222,51.401,47.738,46.883,51.081,51.361,54.929,28.139,30.502,30.259,33.15,29.124,32.557,32.936,-0.674926969819589,-0.705432350795403,0.216422697195601,2,3,2,6,17,7,1
32.63,35.485,36.393,38.682,39.548,41.085,32.649,52.222,51.401,47.738,46.883,51.081,51.361,45.184,28.139,30.502,30.259,33.15,29.124,32.557,33.906,-0.674926969819589,-0.705432350795403,0.216422697195601,2,3,2,6,17,7,13
32.63,35.485,36.393,38.682,39.548,41.085,35.591,52.222,51.401,47.738,46.883,51.081,51.361,43.289,28.139,30.502,30.259,33.15,29.124,32.557,32.411,-0.674926969819589,-0.705432350795403,0.216422697195601,2,3,2,6,17,7,12
35.485,36.393,38.682,41.887,39.548,41.085,35.591,51.401,47.738,46.883,44.801,51.081,51.361,43.289,30.502,30.259,33.15,33.132,29.124,32.557,32.411,-0.794920129448565,-0.605505615672662,0.0382744978588508,3,2,6,17,17,7,12
36.393,38.682,41.887,44.769,44.501,41.085,35.591,47.738,46.883,44.801,44.045,40.115,51.361,43.289,30.259,33.15,33.132,35.533,32.513,32.557,32.411,-0.729728882849943,-0.681658420383239,0.0532687099074352,2,6,17,8,13,7,12
38.682,41.887,44.769,47.18,44.501,41.085,35.591,46.883,44.801,44.045,38.84,40.115,51.361,43.289,33.15,33.132,35.533,34.906,32.513,32.557,32.411,-0.737570584672401,-0.669993957031618,0.0842480276749909,6,17,8,2,13,7,12
49.936,52.26,52.031,48.242,47.18,44.501,44.8573649538185,37.526,34.582,35.595,35.345,38.84,40.115,32.8917711462222,31.861,32.381,36.081,35.89,34.906,32.513,35.483,-0.546771079555416,-0.835909241007893,0.0479283565273499,2,10,5,1,2,13,2
49.936,52.26,52.031,48.242,47.18,49.147,44.8573649538185,37.526,34.582,35.595,35.345,38.84,33.952,32.8917711462222,31.861,32.381,36.081,35.89,34.906,25.878,35.483,-0.0254943928956299,-0.813303649454794,0.581280663461634,2,10,5,1,2,6,2
49.936,52.26,52.031,48.242,47.18,52.333,47.7763649538185,37.526,34.582,35.595,35.345,38.84,40.796,32.0947711462222,31.861,32.381,36.081,35.89,34.906,39.678,39.537,-0.519154867846386,-0.824433833234441,0.225359885094412,2,10,5,1,2,16,6
49.936,52.26,52.031,48.242,47.18,44.501,44.8573649538185,37.526,34.582,35.595,35.345,38.84,40.115,32.8917711462222,31.861,32.381,36.081,35.89,34.906,32.513,35.483,-0.546771079555416,-0.835909241007893,0.0479283565273499,2,10,5,1,2,13,2
44.769,49.936,52.031,48.242,47.18,44.501,44.8573649538185,44.045,37.526,35.595,35.345,38.84,40.115,32.8917711462222,35.533,31.861,36.081,35.89,34.906,32.513,35.483,-0.697153004469698,-0.695560737127904,0.173703624962061,8,2,5,1,2,13,2
41.887,44.769,49.936,48.242,47.18,44.501,44.8573649538185,44.801,44.045,37.526,35.345,38.84,40.115,32.8917711462222,33.132,35.533,31.861,35.89,34.906,32.513,35.483,-0.762137672701531,-0.596556360579049,-0.251528679282848,17,8,2,1,2,13,2
62.996,67.176,65.828,69.056,67.855,65.426,70.2733649538185,47.488,46.178,43.504,46.918,49.79,46.871,42.3387711462222,16.374,14.864,12.524,10.023,23.04,22.494,19.94,0.506827111321558,-0.396916376489412,0.765234388474512,14,14,3,12,5,7,19
62.996,67.176,65.828,69.056,70.832,65.426,70.4093649538185,47.488,46.178,43.504,46.918,43.61,46.871,41.1787711462222,16.374,14.864,12.524,10.023,10.774,22.494,17.145,0.218146631199886,-0.548260256546221,0.807355397819333,14,14,3,12,12,7,20
62.996,67.176,65.828,69.056,70.832,69.793,70.4093649538185,47.488,46.178,43.504,46.918,43.61,42.142,41.1787711462222,16.374,14.864,12.524,10.023,10.774,7.373,17.145,0.0859672995252593,-0.586772870006506,0.805175274357492,14,14,3,12,12,3,20
67.176,65.828,69.056,70.832,69.793,71.034,70.4093649538185,46.178,43.504,46.918,43.61,42.142,45.223,41.1787711462222,14.864,12.524,10.023,10.774,7.373,5.522,17.145,0.0389466632174335,-0.790568820786612,0.611133452712494,14,3,12,12,3,15,20
65.828,69.056,70.832,69.793,71.034,74.292,70.4093649538185,43.504,46.918,43.61,42.142,45.223,44.951,41.1787711462222,12.524,10.023,10.774,7.373,5.522,7.524,17.145,0.170715991711562,-0.864510047739566,0.47273505003466,3,12,12,3,15,18,20
69.056,70.832,69.793,71.034,74.292,74.867,71.8723649538185,46.918,43.61,42.142,45.223,44.951,41.259,35.3497711462222,10.023,10.774,7.373,5.522,7.524,6.688,8.47,0.103903891437671,-0.89429803404041,0.435241321172021,12,12,3,15,18,9,17
69.056,70.832,69.793,71.034,74.292,74.355,72.0853649538185,46.918,43.61,42.142,45.223,44.951,42.29,38.5357711462222,10.023,10.774,7.373,5.522,7.524,3.068,-0.948,0.135114578295581,-0.97290227972228,0.187630500833949,12,12,3,15,18,7,17
70.832,71.034,74.292,74.867,74.355,77.046,71.8723649538185,43.61,45.223,44.951,41.259,42.29,44.937,35.3497711462222,10.774,5.522,7.524,6.688,3.068,3.391,8.47,0.0410905659623051,-0.998990931917627,-0.0181296258993157,12,15,18,9,7,2,17
69.793,71.034,74.292,74.867,74.355,77.046,71.8723649538185,42.142,45.223,44.951,41.259,42.29,44.937,35.3497711462222,7.373,5.522,7.524,6.688,3.068,3.391,8.47,-0.131367290636088,-0.961290941763832,-0.24220313836476,3,15,18,9,7,2,17
71.034,74.292,74.867,74.355,77.046,78.944,72.0853649538185,45.223,44.951,41.259,42.29,44.937,40.263,38.5357711462222,5.522,7.524,6.688,3.068,3.391,2.008,-0.948,-0.11304065865828,-0.972780757826168,-0.202285458432505,15,18,9,7,2,19,17
74.292,74.867,74.355,77.046,78.944,79.893,72.0853649538185,44.951,41.259,42.29,44.937,40.263,43.24,38.5357711462222,7.524,6.688,3.068,3.391,2.008,-0.133,-0.948,-0.241047234655126,-0.861134924216839,-0.44759677496512,18,9,7,2,19,6,17
74.355,77.046,78.944,79.893,84.321,83.657,75.9033649538185,42.29,44.937,40.263,43.24,40.265,40.167,35.4027711462222,3.068,3.391,2.008,-0.133,1.738,-2.038,-2.841,-0.498649495135939,-0.538480009724222,-0.679255445416579,7,2,19,6,16,15,19
74.355,77.046,78.944,79.893,84.321,83.657,74.8223649538185,42.29,44.937,40.263,43.24,40.265,40.167,39.7417711462222,3.068,3.391,2.008,-0.133,1.738,-2.038,-5.807,-0.498649495135939,-0.538480009724222,-0.679255445416579,7,2,19,6,16,15,16
78.944,79.893,84.321,83.657,88.981,87.796,84.7553649538185,40.263,43.24,40.265,40.167,39.476,36.799,31.9387711462222,2.008,-0.133,1.738,-2.038,-0.472,-2.841,2.008,-0.752923346587577,-0.619104941618196,-0.223193874081017,19,6,16,15,8,19,19
78.944,79.893,84.321,83.657,88.981,87.796,80.0423649538185,40.263,43.24,40.265,40.167,39.476,36.799,32.0347711462222,2.008,-0.133,1.738,-2.038,-0.472,-2.841,-2.038,-0.752923346587577,-0.619104941618196,-0.223193874081017,19,6,16,15,8,19,15
84.321,83.657,88.981,87.796,90.669,93.004,84.7553649538185,40.265,40.167,39.476,36.799,36.707,36.963,31.9387711462222,1.738,-2.038,-0.472,-2.841,-5.281,-2.291,2.008,-0.293659146347279,-0.955847514893129,-0.010946873490495,16,15,8,19,2,8,19
88.981,87.796,90.669,93.004,91.614,88.877,84.7553649538185,39.476,36.799,36.707,36.963,33.666,32.46,31.9387711462222,-0.472,-2.841,-5.281,-2.291,-0.948,-5.807,2.008,-0.0615424128788948,-0.629488625400888,0.774568655386947,8,19,2,8,17,16,19
87.796,90.669,93.004,92.273,88.877,88.135,89.3913649538185,36.799,36.707,36.963,31.952,32.46,34.467,27.6107711462222,-2.841,-5.281,-2.291,-4.273,-5.807,-8.927,-6.092,-0.0145271412262278,-0.88134935029475,-0.472241765309693,19,2,8,1,16,20,16
88.981,87.796,90.669,93.004,91.614,92.273,96.4103649538185,39.476,36.799,36.707,36.963,33.666,31.952,30.2487711462222,-0.472,-2.841,-5.281,-2.291,-0.948,-4.273,-0.793,0.056238386448292,-0.997089530760948,0.0514753488245153,8,19,2,8,17,1,4
87.796,90.669,93.004,91.614,92.273,88.877,96.4103649538185,36.799,36.707,36.963,33.666,31.952,32.46,30.2487711462222,-2.841,-5.281,-2.291,-0.948,-4.273,-5.807,-0.793,0.109272853545154,-0.873415925690868,0.474556702858219,19,2,8,17,1,16,4
90.669,93.004,91.614,92.273,88.877,88.135,93.1353649538185,36.707,36.963,33.666,31.952,32.46,34.467,27.7667711462222,-5.281,-2.291,-0.948,-4.273,-5.807,-8.927,-6.644,0.429938076537076,-0.897164525416264,0.101237664326122,2,8,17,1,16,20,9
87.796,90.669,91.614,92.273,88.877,88.135,89.3913649538185,36.799,36.707,33.666,31.952,32.46,34.467,27.6107711462222,-2.841,-5.281,-0.948,-4.273,-5.807,-8.927,-6.092,-0.367814029305568,-0.929473604995055,0.0281364081485008,19,2,17,1,16,20,16
87.796,90.669,92.273,88.877,88.135,86.537,83.9533649538185,36.799,36.707,31.952,32.46,34.467,37.859,29.0547711462222,-2.841,-5.281,-4.273,-5.807,-8.927,-8.422,-9.032,-0.179313168514762,-0.705214618304947,-0.685943969815469,19,2,1,16,20,6,1
87.796,90.669,88.877,88.135,86.537,82.925,80.7743649538185,36.799,36.707,32.46,34.467,37.859,38.742,33.4597711462222,-2.841,-5.281,-5.807,-8.927,-8.422,-9.252,-9.252,-0.395300464466523,-0.914181234978469,0.089499789976251,19,2,16,20,6,14,14
83.657,88.135,86.537,82.925,81.741,79.746,80.7743649538185,40.167,34.467,37.859,38.742,41.388,43.147,33.4597711462222,-2.038,-8.927,-8.422,-9.252,-11.763,-9.032,-9.252,-0.803701059146576,-0.114209271689749,-0.583969904863914,15,20,6,14,10,1,14
88.135,86.537,82.925,81.741,79.746,76.419,75.5643649538185,34.467,37.859,38.742,41.388,43.147,45.005,37.7347711462222,-8.927,-8.422,-9.252,-11.763,-9.032,-9.192,-8.927,-0.865112204704088,-0.0577458659999602,-0.498243201892356,20,6,14,10,1,12,20
83.657,82.925,81.741,79.746,76.419,74.308,74.8223649538185,40.167,38.742,41.388,43.147,45.005,44.591,39.7417711462222,-2.038,-9.252,-11.763,-9.032,-9.192,-6.092,-5.807,-0.982719218967306,0.173809105314376,-0.0636657803070331,15,14,10,1,12,16,16
82.925,81.741,79.746,76.419,74.308,70.564,74.8223649538185,38.742,41.388,43.147,45.005,44.591,44.435,39.7417711462222,-9.252,-11.763,-9.032,-9.192,-6.092,-6.644,-5.807,-0.999136593427071,-0.0406423315901112,0.00861792073921231,14,10,1,12,16,9,16
79.893,79.746,76.419,74.308,70.564,68.763,74.8223649538185,43.24,43.147,45.005,44.591,44.435,46.305,39.7417711462222,-0.133,-9.032,-9.192,-6.092,-6.644,-3.847,-5.807,-0.719669047277353,0.285177692101626,-0.633048296987282,6,1,12,16,9,18,16
76.419,74.308,70.564,68.763,65.245,65.911,71.4263649538185,45.005,44.591,44.435,46.305,45.183,41.49,40.2497711462222,-9.192,-6.092,-6.644,-3.847,-4.75,-4.314,-4.273,-0.640459012311549,-0.0187864106462724,-0.767762544230926,12,16,9,18,13,3,1
70.564,68.763,65.245,65.911,67.289,64.631,71.4263649538185,44.435,46.305,45.183,41.49,41.953,44.478,40.2497711462222,-6.644,-3.847,-4.75,-4.314,-0.793,0.094,-4.273,-0.431607472810862,-0.22726994333957,-0.872962405987938,9,18,13,3,4,12,1
70.564,68.763,65.245,65.911,67.289,64.631,71.4263649538185,44.435,46.305,45.183,41.49,41.953,44.478,40.2497711462222,-6.644,-3.847,-4.75,-4.314,-0.793,0.094,-4.273,-0.431607472810862,-0.22726994333957,-0.872962405987938,9,18,13,3,4,12,1
68.763,65.245,65.911,67.289,64.631,61.69,71.4263649538185,46.305,45.183,41.49,41.953,44.478,42.3,40.2497711462222,-3.847,-4.75,-4.314,-0.793,0.094,-0.909,-4.273,-0.372659182378949,-0.0433118511535955,-0.92695696628177,18,13,3,4,12,10,1
68.763,65.245,65.911,67.289,64.631,63.185,71.4263649538185,46.305,45.183,41.49,41.953,44.478,39.557,40.2497711462222,-3.847,-4.75,-4.314,-0.793,0.094,1.25,-4.273,0.0974076986413151,-0.366192367411761,-0.925426869231044,18,13,3,4,12,12,1
65.245,67.289,64.631,61.69,63.185,64.069,71.4263649538185,45.183,41.953,44.478,42.3,39.557,41.782,40.2497711462222,-4.75,-0.793,0.094,-0.909,1.25,4.158,-4.273,-0.58698580904274,0.317686584851409,-0.744662939716949,13,4,12,10,12,13,1
65.911,67.289,64.631,61.69,63.185,60.38,58.1723649538185,41.49,41.953,44.478,42.3,39.557,42.819,36.7627711462222,-4.314,-0.793,0.094,-0.909,1.25,4.053,-5.614,-0.168431592591841,-0.430719779033238,-0.886629161806972,3,4,12,10,12,8,19
67.289,61.69,63.185,64.069,60.38,58.942,67.2953649538185,41.953,42.3,39.557,41.782,42.819,39.31,35.2817711462222,-0.793,-0.909,1.25,4.158,4.053,3.883,3.468,-0.114061551338162,-0.133175199972353,-0.984507150110478,4,10,12,13,8,2,3
64.631,61.69,63.185,64.069,60.38,61.063,67.2953649538185,44.478,42.3,39.557,41.782,42.819,38.444,35.2817711462222,0.094,-0.909,1.25,4.158,4.053,6.875,3.468,-0.460623646755306,0.801501601359617,-0.38134110592462,12,10,12,13,8,17,3
61.69,63.185,64.069,60.38,58.942,59.564,55.5573649538185,42.3,39.557,41.782,42.819,39.31,41.297,36.8567711462222,-0.909,1.25,4.158,4.053,3.883,8.869,4.29000000000001,-0.39097745218079,0.472174439144897,-0.790055650511038,10,12,13,8,2,3,1
63.185,60.38,58.942,61.063,59.564,56.023,55.5573649538185,39.557,42.819,39.31,38.444,41.297,40.107,36.8567711462222,1.25,4.053,3.883,6.875,8.869,7.937,4.29000000000001,-0.280935614836803,0.0526522672255885,-0.958281231722855,12,8,2,17,3,6,1
64.069,60.38,58.942,61.063,59.564,56.797,55.5573649538185,41.782,42.819,39.31,38.444,41.297,36.601,36.8567711462222,4.158,4.053,3.883,6.875,8.869,9.222,4.29000000000001,0.105466590393874,0.810171996941657,-0.576626511428549,13,8,2,17,3,13,1
60.38,58.942,61.063,59.564,56.023,57.949,55.5573649538185,42.819,39.31,38.444,41.297,40.107,38.236,36.8567711462222,4.053,3.883,6.875,8.869,7.937,12.417,4.29000000000001,-0.198274228861437,0.580679306211778,-0.789619448536326,8,2,17,3,6,5,1
58.942,59.564,56.023,56.797,57.949,54.706,55.5573649538185,39.31,41.297,40.107,36.601,38.236,40.225,36.8567711462222,3.883,8.869,7.937,9.222,12.417,12.724,4.29000000000001,-0.0256364558557284,0.14303028640712,-0.989386228578837,2,3,6,13,5,9,1
61.063,56.023,56.797,57.949,54.706,52.606,55.5573649538185,38.444,40.107,36.601,38.236,40.225,37.11,36.8567711462222,6.875,7.937,9.222,12.417,12.724,12.245,4.29000000000001,0.384786727214325,-0.604025890872387,-0.69791969288415,17,6,13,5,9,2,1
59.564,56.023,56.797,57.949,54.706,54.672,55.5573649538185,41.297,40.107,36.601,38.236,40.225,35.392,36.8567711462222,8.869,7.937,9.222,12.417,12.724,14.959,4.29000000000001,0.485587005439882,0.179705905989953,-0.855517999518571,3,6,13,5,9,4,1
56.023,56.797,57.949,54.706,52.606,54.672,55.5573649538185,40.107,36.601,38.236,40.225,37.11,35.392,36.8567711462222,7.937,9.222,12.417,12.724,12.245,14.959,4.29000000000001,0.315447181607733,-0.520540646583807,-0.793429587846237,6,13,5,9,2,4,1
56.797,57.949,54.706,52.606,54.672,50.282,48.9753649538185,36.601,38.236,40.225,37.11,35.392,38.323,33.3847711462222,9.222,12.417,12.724,12.245,14.959,17.039,10.087,0.364761537769105,-0.418647591945165,-0.831674945109465,13,5,9,2,4,11,10
57.949,54.706,52.606,54.672,50.282,50.336,48.9753649538185,38.236,40.225,37.11,35.392,38.323,34.573,33.3847711462222,12.417,12.724,12.245,14.959,17.039,17.444,10.087,0.156103220916145,-0.617482646579903,-0.770939015481954,5,9,2,4,11,9,10
54.706,52.606,54.672,50.282,50.336,52.224,48.9753649538185,40.225,37.11,35.392,38.323,34.573,34.62,33.3847711462222,12.724,12.245,14.959,17.039,17.444,20.75,10.087,0.162265462389169,-0.551885475540816,-0.81798064867252,9,2,4,11,9,9,10
52.606,54.672,50.282,50.336,52.224,48.438,48.5863649538185,37.11,35.392,38.323,34.573,34.62,32.325,30.7267711462222,12.245,14.959,17.039,17.444,20.75,22.497,12.76,0.343539780242265,-0.800993758572129,-0.490295235668868,2,4,11,9,9,12,17
54.672,50.282,50.336,52.224,48.438,49.147,48.5863649538185,35.392,38.323,34.573,34.62,32.325,33.952,30.7267711462222,14.959,17.039,17.444,20.75,22.497,25.878,12.76,0.721057741543076,-0.657988498972617,-0.217087237258572,4,11,9,9,12,6,17
50.282,50.336,52.224,48.438,49.147,45.627,48.5863649538185,38.323,34.573,34.62,32.325,33.952,35.439,30.7267711462222,17.039,17.444,20.75,22.497,25.878,25.986,12.76,0.459574109889327,-0.885581158507789,-0.0673620754982733,11,9,9,12,6,19,17
49.936,52.26,52.224,48.438,49.147,45.627,42.1093649538185,37.526,34.582,34.62,32.325,33.952,35.439,29.9017711462222,31.861,32.381,20.75,22.497,25.878,25.986,30.691,0.560700573021742,-0.796788251894761,0.225262844374256,2,10,9,12,6,19,10
49.936,44.501,52.224,48.438,49.147,45.627,42.1093649538185,37.526,40.115,34.62,32.325,33.952,35.439,29.9017711462222,31.861,32.513,20.75,22.497,25.878,25.986,30.691,0.208868289110201,-0.972202688143268,0.105811015358424,2,13,9,12,6,19,10
32.63,35.485,36.393,38.682,39.548,41.085,35.591,52.222,51.401,47.738,46.883,51.081,51.361,43.289,28.139,30.502,30.259,33.15,29.124,32.557,32.411,-0.674926969819589,-0.705432350795403,0.216422697195601,2,3,2,6,17,7,12
35.485,36.393,38.682,41.887,39.548,41.085,35.591,51.401,47.738,46.883,44.801,51.081,51.361,43.289,30.502,30.259,33.15,33.132,29.124,32.557,32.411,-0.794920129448565,-0.605505615672662,0.0382744978588508,3,2,6,17,17,7,12
61.959,61.795,65.541,64.95,80.077,77.179,61.5237299076371,74.625,77.218,76.662,75.57,77.278,73.013,83.5035422924445,7.579,10.348,10.869,4.944,2.641,-2.115,5.229,-0.26728624487233,0.960606802890648,-0.0761093525281691,10,6,11,20,15,15,19
61.959,61.795,65.541,64.95,61.715,61.941,61.5237299076371,74.625,77.218,76.662,75.57,69.821,67.368,83.5035422924445,7.579,10.348,10.869,4.944,28.394,25.434,5.229,0.894124107730973,0.436456927438057,-0.100236871786895,10,6,11,20,8,12,19
61.959,61.795,65.541,64.95,79.525,80.077,61.5237299076371,74.625,77.218,76.662,75.57,68.758,77.278,83.5035422924445,7.579,10.348,10.869,4.944,13.763,2.641,5.229,-0.633775119748288,0.717669135122694,0.288582934492474,10,6,11,20,13,15,19
61.959,61.795,65.541,64.95,80.077,77.179,61.5237299076371,74.625,77.218,76.662,75.57,77.278,73.013,83.5035422924445,7.579,10.348,10.869,4.944,2.641,-2.115,5.229,-0.26728624487233,0.960606802890648,-0.0761093525281691,10,6,11,20,15,15,19
79.525,82.865,87.799,83.841,83.344,80.077,81.0977299076371,68.758,67.743,75.861,79.344,78.085,77.278,75.4595422924445,13.763,15.214,14.641,7.888,4.348,2.641,20.437,-0.344999724109852,0.688377811342518,0.638052646115828,13,19,20,20,3,15,5
79.525,82.865,87.799,90.898,89.927,83.841,81.0977299076371,68.758,67.743,75.861,77.954,78.778,79.344,75.4595422924445,13.763,15.214,14.641,14.034,10.432,7.888,20.437,-0.325477737748193,0.782947311704203,0.530148799230443,13,19,20,1,13,20,5
89.44,86.228,85.322,95.491,92.549,92.928,95.385,53.967,52.292,54.929,43.289,45.184,45.331,51.401,5.164,3.909,1.336,0.811,2.306,6.07,-1.098,0.101585012048581,-0.0451311595391441,-0.993802628174097,9,2,1,12,13,12,3
79.893,89.44,86.228,85.322,92.549,92.928,92.53,43.24,53.967,52.292,54.929,45.184,45.331,52.222,-0.133,5.164,3.909,1.336,2.306,6.07,-3.461,-0.308330596033947,0.235214299869565,-0.921741003040562,6,9,2,1,13,12,2
79.893,89.44,86.228,85.322,92.549,92.928,92.53,43.24,53.967,52.292,54.929,45.184,45.331,52.222,-0.133,5.164,3.909,1.336,2.306,6.07,-3.461,-0.308330596033947,0.235214299869565,-0.921741003040562,6,9,2,1,13,12,2
61.959,64.95,66.601,80.077,79.947,77.179,59.8997299076371,74.625,75.57,68.944,77.278,74.558,73.013,68.5425422924445,7.579,4.944,-11.163,2.641,0.007,-2.115,-16.959,0.112808859490091,0.70217583095967,-0.703010144760829,10,20,5,15,7,15,20
82.865,87.799,90.898,89.927,87.254,83.841,81.0977299076371,67.743,75.861,77.954,78.778,80.872,79.344,75.4595422924445,15.214,14.641,14.034,10.432,8.708,7.888,20.437,0.496832131075257,0.86780993497223,-0.007984378166885,19,20,1,13,5,20,5
87.799,90.898,89.927,87.254,83.841,83.344,92.9797299076371,75.861,77.954,78.778,80.872,79.344,78.085,83.6665422924445,14.641,14.034,10.432,8.708,7.888,4.348,7.655,0.790769253468509,0.291521695495678,-0.538237019187813,20,1,13,5,20,3,9
87.799,90.898,89.927,87.254,83.841,83.344,92.9797299076371,75.861,77.954,78.778,80.872,79.344,78.085,83.6665422924445,14.641,14.034,10.432,8.708,7.888,4.348,7.655,0.790769253468509,0.291521695495678,-0.538237019187813,20,1,13,5,20,3,9
87.799,90.898,89.927,87.254,83.841,83.344,92.9797299076371,75.861,77.954,78.778,80.872,79.344,78.085,83.6665422924445,14.641,14.034,10.432,8.708,7.888,4.348,7.655,0.790769253468509,0.291521695495678,-0.538237019187813,20,1,13,5,20,3,9
87.799,89.927,87.254,83.841,83.344,80.077,87.6207299076371,75.861,78.778,80.872,79.344,78.085,77.278,83.1295422924445,14.641,10.432,8.708,7.888,4.348,2.641,2.139,0.705007484626694,0.472625743957447,-0.528762094678705,20,13,5,20,3,15,4
89.927,87.254,83.841,83.344,80.077,79.947,86.6237299076371,78.778,80.872,79.344,78.085,77.278,74.558,77.5335422924445,10.432,8.708,7.888,4.348,2.641,0.007,-0.906000000000006,0.656756839200631,0.402836983954827,-0.637489465419919,13,5,20,3,15,7,8
87.254,83.841,83.344,80.077,79.947,77.179,86.6237299076371,80.872,79.344,78.085,77.278,74.558,73.013,77.5335422924445,8.708,7.888,4.348,2.641,0.007,-2.115,-0.906000000000006,0.471335715734941,0.759116456453967,-0.448982013685853,5,20,3,15,7,15,8
87.254,83.841,83.344,80.077,79.947,77.179,85.9837299076371,80.872,79.344,78.085,77.278,74.558,73.013,74.5825422924445,8.708,7.888,4.348,2.641,0.007,-2.115,-3.206,0.471335715734941,0.759116456453967,-0.448982013685853,5,20,3,15,7,15,8
64.95,83.841,83.344,80.077,79.947,77.179,85.9837299076371,75.57,79.344,78.085,77.278,74.558,73.013,74.5825422924445,4.944,7.888,4.348,2.641,0.007,-2.115,-3.206,0.415893516150099,0.813870782698381,-0.405767091191772,20,20,3,15,7,15,8
52.052,55.604,57.762,55.891,54.719,51.182,57.7717299076371,63.441,64.706,65.074,58.094,60.737,59.414,65.6255422924445,34.172,34.424,31.316,36.767,39.255,39.032,42.032,-0.171850894082996,0.857798797380132,0.484405298707677,4,11,7,7,9,3,13
52.052,55.604,57.762,58.32,60.078,54.719,60.4447299076371,63.441,64.706,65.074,60.775,61.274,60.737,63.5315422924445,34.172,34.424,31.316,30.376,33.739,39.255,40.308,0.4291248513989,0.82456829622807,0.368699046333742,4,11,7,4,4,9,5
52.052,55.604,57.762,61.075,58.32,60.078,64.3547299076371,63.441,64.706,65.074,66.87,60.775,61.274,66.3185422924445,34.172,34.424,31.316,30.694,30.376,33.739,35.948,0.784388335972706,0.593232226454419,0.181136589031324,4,11,7,8,4,4,3
57.762,61.075,61.715,61.941,58.32,60.078,64.3547299076371,65.074,66.87,69.821,67.368,60.775,61.274,66.3185422924445,31.316,30.694,28.394,25.434,30.376,33.739,35.948,0.938167306796566,0.338547180074145,-0.0723042967044376,7,8,8,12,4,4,3
55.604,57.762,61.075,61.715,61.941,58.32,67.7517299076371,64.706,65.074,66.87,69.821,67.368,60.775,69.8455422924444,34.424,31.316,30.694,28.394,25.434,30.376,31.607,0.959636299091472,0.277785617021964,-0.0439695854170772,11,7,8,8,12,4,7
57.762,61.075,61.715,61.941,58.32,60.078,67.7517299076371,65.074,66.87,69.821,67.368,60.775,61.274,69.8455422924444,31.316,30.694,28.394,25.434,30.376,33.739,31.607,0.938167306796566,0.338547180074145,-0.0723042967044376,7,8,8,12,4,4,7
55.604,57.762,61.075,58.32,60.078,60.126,64.3547299076371,64.706,65.074,66.87,60.775,61.274,57.993,66.3185422924445,34.424,31.316,30.694,30.376,33.739,35.745,35.948,0.893072617627546,0.360680458644868,0.268944058115456,11,7,8,4,4,3,3
55.604,57.762,58.32,60.078,60.126,55.891,60.4447299076371,64.706,65.074,60.775,61.274,57.993,58.094,63.5315422924445,34.424,31.316,30.376,33.739,35.745,36.767,40.308,0.658646359983536,0.433928392254562,0.614728495252831,11,7,4,4,3,7,5
58.32,60.078,60.126,62.012,57.217,55.891,60.4447299076371,60.775,61.274,57.993,56.736,54.811,58.094,63.5315422924445,30.376,33.739,35.745,38.782,38.184,36.767,40.308,0.460740321815686,0.0511518829345874,0.886059727515829,4,4,3,8,9,7,5
60.078,60.126,62.012,57.217,55.891,54.719,60.4447299076371,61.274,57.993,56.736,54.811,58.094,60.737,63.5315422924445,33.739,35.745,38.782,38.184,36.767,39.255,40.308,0.19810366836676,0.340532661075877,0.919125912658442,4,3,8,9,7,9,5
60.126,62.012,57.217,55.891,54.719,51.182,60.4447299076371,57.993,56.736,54.811,58.094,60.737,59.414,63.5315422924445,35.745,38.782,38.184,36.767,39.255,39.032,40.308,-0.184899162856633,0.232304140826955,0.954906846624092,3,8,9,7,9,3,5
60.078,60.126,57.217,55.891,54.719,51.182,60.4447299076371,61.274,57.993,54.811,58.094,60.737,59.414,63.5315422924445,33.739,35.745,38.184,36.767,39.255,39.032,40.308,0.0533216167144464,0.454773480684869,0.889009497393997,4,3,9,7,9,3,5
52.052,55.604,57.217,55.891,54.719,51.182,57.7717299076371,63.441,64.706,54.811,58.094,60.737,59.414,65.6255422924445,34.172,34.424,38.184,36.767,39.255,39.032,42.032,-0.106820633852422,0.590853444448758,0.799675908957126,4,11,9,7,9,3,13
52.052,55.604,57.217,55.891,54.719,51.182,57.7717299076371,63.441,64.706,54.811,58.094,60.737,59.414,65.6255422924445,34.172,34.424,38.184,36.767,39.255,39.032,42.032,-0.106820633852422,0.590853444448758,0.799675908957126,4,11,9,7,9,3,13
62.996,67.855,65.426,67.105,66.758,63.042,70.2733649538185,47.488,49.79,46.871,44.754,47.539,48.091,42.3387711462222,16.374,23.04,22.494,25.195,27.795,27.078,19.94,0.969902944839235,0.0174929575357199,-0.242862664954567,14,5,7,20,3,2,19
67.855,65.426,67.105,66.758,63.042,62.586,70.2733649538185,49.79,46.871,44.754,47.539,48.091,44.3,42.3387711462222,23.04,22.494,25.195,27.795,27.078,27.373,19.94,0.76860718555455,-0.0838677676182211,-0.634199646695463,5,7,20,3,2,4,19
67.855,65.426,67.105,66.758,63.042,62.586,71.0133649538185,49.79,46.871,44.754,47.539,48.091,44.3,41.0717711462222,23.04,22.494,25.195,27.795,27.078,27.373,25.987,0.76860718555455,-0.0838677676182211,-0.634199646695463,5,7,20,3,2,4,2
67.855,67.105,66.758,63.042,62.586,64.72,70.9373649538185,49.79,44.754,47.539,48.091,44.3,44.08,42.7417711462222,23.04,25.195,27.795,27.078,27.373,30.536,29.392,0.935749490264769,-0.0513609508852174,-0.348905351339574,5,20,3,2,4,2,3
65.426,66.758,63.042,62.586,64.72,62.681,70.9373649538185,46.871,47.539,48.091,44.3,44.08,46.858,42.7417711462222,22.494,27.795,27.078,27.373,30.536,32.213,29.392,0.621212791428188,0.210813959002409,-0.754753034081831,7,3,2,4,2,2,3
67.105,66.758,63.042,62.586,64.72,62.681,70.9373649538185,44.754,47.539,48.091,44.3,44.08,46.858,42.7417711462222,25.195,27.795,27.078,27.373,30.536,32.213,29.392,0.854292420181928,0.151672507984983,-0.497171913065541,20,3,2,4,2,2,3
67.105,66.758,63.042,62.586,64.72,62.681,70.9373649538185,44.754,47.539,48.091,44.3,44.08,46.858,42.7417711462222,25.195,27.795,27.078,27.373,30.536,32.213,29.392,0.854292420181928,0.151672507984983,-0.497171913065541,20,3,2,4,2,2,3
66.758,63.042,62.586,64.72,62.681,66.609,70.9373649538185,47.539,48.091,44.3,44.08,46.858,47.114,42.7417711462222,27.795,27.078,27.373,30.536,32.213,35.984,29.392,0.807647911335522,0.26211220675425,-0.528206439174861,3,2,4,2,2,5,3
52.031,48.242,47.18,52.333,54.824,55.213,51.1933649538185,35.595,35.345,38.84,40.796,38.817,41.475,35.0917711462222,36.081,35.89,34.906,39.678,41.687,44.36,43.845,-0.735422025963753,-0.615126855565005,0.284206606696746,5,1,2,16,10,17,2
52.031,48.242,52.333,54.824,55.213,58.992,51.1933649538185,35.595,35.345,40.796,38.817,41.475,41.705,35.0917711462222,36.081,35.89,39.678,41.687,44.36,44.094,43.845,-0.529643310185774,-0.74774911472799,0.400436293808345,5,1,16,10,17,12,2
52.031,48.242,52.333,54.824,55.213,58.992,53.4633649538185,35.595,35.345,40.796,38.817,41.475,41.705,37.6287711462222,36.081,35.89,39.678,41.687,44.36,44.094,49.044,-0.529643310185774,-0.74774911472799,0.400436293808345,5,1,16,10,17,12,9
52.031,52.333,54.824,55.213,58.992,66.609,53.4633649538185,35.595,40.796,38.817,41.475,41.705,47.114,37.6287711462222,36.081,39.678,41.687,44.36,44.094,35.984,49.044,0.10959529576019,-0.974428539982364,0.196157823231891,5,16,10,17,12,5,9
66.758,64.72,62.681,66.609,70.208,71.304,70.5953649538185,47.539,44.08,46.858,47.114,48.185,50.622,39.2707711462222,27.795,30.536,32.213,35.984,36.662,33.951,34.674,0.898903418821627,0.438022696841769,-0.0104288389695789,3,2,2,5,8,17,9
66.609,70.208,71.304,74.937,76.973,74.435,70.9373649538185,47.114,48.185,50.622,49.955,47.73,47.519,42.7417711462222,35.984,36.662,33.951,34.809,32.509,29.698,29.392,0.483836753247405,0.65147239219442,0.584367793787003,5,8,17,9,9,4,3
66.609,70.208,71.304,74.937,76.973,74.435,70.9373649538185,47.114,48.185,50.622,49.955,47.73,47.519,42.7417711462222,35.984,36.662,33.951,34.809,32.509,29.698,29.392,0.483836753247405,0.65147239219442,0.584367793787003,5,8,17,9,9,4,3
70.208,71.304,74.937,76.973,74.435,78.447,70.9373649538185,48.185,50.622,49.955,47.73,47.519,42.187,42.7417711462222,36.662,33.951,34.809,32.509,29.698,35.668,29.392,-0.258959447819138,0.608228222257861,0.750332215777951,8,17,9,9,4,12,3
71.304,74.937,76.973,74.435,76.323,78.447,70.9373649538185,50.622,49.955,47.73,47.519,45.973,42.187,42.7417711462222,33.951,34.809,32.509,29.698,26.73,35.668,29.392,-0.743453615593801,0.477616828364414,0.468144087566662,17,9,9,4,20,12,3
71.304,74.937,76.973,74.435,76.323,76.091,70.9373649538185,50.622,49.955,47.73,47.519,45.973,47.446,42.7417711462222,33.951,34.809,32.509,29.698,26.73,23.288,29.392,-0.552234526414789,0.745883243980166,0.37241806372014,17,9,9,4,20,7,3
76.973,74.435,76.323,76.091,77.145,79.282,72.7343649538185,47.73,47.519,45.973,47.446,46.519,41.498,42.2527711462222,32.509,29.698,26.73,23.288,19.802,29.484,22.843,-0.919989261198181,0.25808983875179,0.294973548666825,9,4,20,7,3,2,4
74.435,76.323,76.091,77.145,81.254,80.715,72.7343649538185,47.519,45.973,47.446,46.519,46.303,40.774,42.2527711462222,29.698,26.73,23.288,19.802,21.131,23.661,22.843,-0.900069980801379,0.433309003993788,0.0460145272508193,4,20,7,3,1,5,4
76.323,76.091,77.145,77.122,81.254,79.603,72.7343649538185,45.973,47.446,46.519,47.37,46.303,41.47,42.2527711462222,26.73,23.288,19.802,13.613,21.131,17.507,22.843,-0.967770011710107,-0.216261341012312,0.129043546208927,20,7,3,16,1,8,4
70.832,74.292,77.145,77.122,81.254,79.603,70.4093649538185,43.61,44.951,46.519,47.37,46.303,41.47,41.1787711462222,10.774,7.524,19.802,13.613,21.131,17.507,17.145,-0.456648686113665,-0.721899566951724,0.519935565917141,12,18,3,16,1,8,20
76.091,77.145,81.254,83.347,79.603,80.715,72.7343649538185,47.446,46.519,46.303,41.884,41.47,40.774,42.2527711462222,23.288,19.802,21.131,18.052,17.507,23.661,22.843,-0.997742724698027,-0.037730685670153,-0.0555504335808152,7,3,1,14,8,5,4
71.304,74.937,76.973,86.175,84.478,90.553,85.9037299076371,50.622,49.955,47.73,60.9,58.374,59.372,67.1855422924445,33.951,34.809,32.509,36.829,39.114,39.891,41.948,-0.534436831345412,0.500849143169075,0.6808284725893,17,9,9,19,12,1,6
71.304,74.937,76.973,86.175,84.478,90.553,85.9037299076371,50.622,49.955,47.73,60.9,58.374,59.372,67.1855422924445,33.951,34.809,32.509,36.829,39.114,39.891,41.948,-0.534436831345412,0.500849143169075,0.6808284725893,17,9,9,19,12,1,6
74.937,76.973,86.175,84.478,90.553,82.365,85.9037299076371,49.955,47.73,60.9,58.374,59.372,42.071,67.1855422924445,34.809,32.509,36.829,39.114,39.891,39.132,41.948,-0.199097530216703,0.206971634846686,0.957874164924861,9,9,19,12,1,1,6
94.756,91.827,93.82,97.122,96.404,90.459,93.9063649538185,36.89,36.852,39.737,37.954,36.92,37.456,30.0597711462222,10.913,8.47,6.967,7.075,3.468,18.357,7.373,0.27997712171483,-0.821664797799713,-0.496467291342578,15,17,19,2,3,6,3
94.756,91.827,93.82,97.122,96.404,94.365,88.8323649538185,36.89,36.852,39.737,37.954,36.92,39.922,30.9427711462222,10.913,8.47,6.967,7.075,3.468,2.243,6.688,0.731163893695691,-0.656861616086546,-0.184206888763495,15,17,19,2,3,7,9
94.756,91.827,93.82,97.122,96.404,94.365,93.9063649538185,36.89,36.852,39.737,37.954,36.92,39.922,30.0597711462222,10.913,8.47,6.967,7.075,3.468,2.243,7.373,0.731163893695691,-0.656861616086546,-0.184206888763495,15,17,19,2,3,7,3
94.756,91.827,93.82,97.122,96.404,94.365,102.636364953819,36.89,36.852,39.737,37.954,36.92,39.922,33.7577711462222,10.913,8.47,6.967,7.075,3.468,2.243,6.875,0.731163893695691,-0.656861616086546,-0.184206888763495,15,17,19,2,3,7,17
93.004,91.827,93.82,97.122,96.404,94.365,100.514364953819,36.963,36.852,39.737,37.954,36.92,39.922,32.6447711462222,-2.291,8.47,6.967,7.075,3.468,2.243,1.25,0.965797460824152,-0.0747668572489438,-0.248284477409961,8,17,19,2,3,7,12
93.004,93.82,96.404,94.365,95.491,92.549,98.582,36.963,39.737,36.92,39.922,43.289,45.184,46.883,-2.291,6.967,3.468,2.243,0.811,2.306,1.55,0.860843049208077,0.255211612672428,-0.440245701157069,8,19,3,7,12,13,6
93.82,96.404,94.365,95.491,92.549,92.928,98.582,39.737,36.92,39.922,43.289,45.184,45.331,46.883,6.967,3.468,2.243,0.811,2.306,6.07,1.55,0.87324454367725,-0.0123368056643111,-0.487126031088376,19,3,7,12,13,12,6
88.981,93.82,94.365,95.491,92.549,92.928,96.293,39.476,39.737,39.922,43.289,45.184,45.331,47.738,-0.472,6.967,2.243,0.811,2.306,6.07,-1.341,0.933698699942891,0.0142961990884367,-0.357774169577093,8,19,7,12,13,12,2
93.82,97.122,94.365,95.491,92.549,92.928,98.582,39.737,37.954,39.922,43.289,45.184,45.331,46.883,6.967,7.075,2.243,0.811,2.306,6.07,1.55,0.936262186157052,0.142155118899129,-0.321255413873747,19,2,7,12,13,12,6
91.827,85.953,83.769,83.347,79.603,90.459,84.3063649538185,36.852,41.445,39.208,41.884,41.47,37.456,34.2977711462222,8.47,13.299,15.459,18.052,17.507,18.357,18.95,-0.348148702195549,-0.775385149957869,-0.526849457040973,17,5,1,14,8,6,10
85.953,83.769,83.347,79.603,79.393,82.407,84.3063649538185,41.445,39.208,41.884,41.47,37.904,38.372,34.2977711462222,13.299,15.459,18.052,17.507,18.95,21.245,18.95,-0.0785835309249213,-0.947643853560703,-0.309508894017591,5,1,14,8,10,15,10
85.953,83.769,83.347,79.603,79.393,82.407,84.3063649538185,41.445,39.208,41.884,41.47,37.904,38.372,34.2977711462222,13.299,15.459,18.052,17.507,18.95,21.245,18.95,-0.0785835309249213,-0.947643853560703,-0.309508894017591,5,1,14,8,10,15,10
77.145,83.769,83.347,79.603,79.393,82.407,73.0313649538185,46.519,39.208,41.884,41.47,37.904,38.372,38.4987711462222,19.802,15.459,18.052,17.507,18.95,21.245,17.885,-0.299456698928437,-0.937602247799921,-0.176713639505895,3,1,14,8,10,15,7
83.769,83.347,79.603,79.393,82.407,80.715,81.2923649538185,39.208,41.884,41.47,37.904,38.372,40.774,33.8297711462222,15.459,18.052,17.507,18.95,21.245,23.661,21.245,-0.3368294176597,-0.910573116452424,-0.239588278079601,1,14,8,10,15,5,15
83.769,83.347,79.603,79.393,82.407,80.715,81.2923649538185,39.208,41.884,41.47,37.904,38.372,40.774,33.8297711462222,15.459,18.052,17.507,18.95,21.245,23.661,21.245,-0.3368294176597,-0.910573116452424,-0.239588278079601,1,14,8,10,15,5,15
79.393,82.407,80.715,77.82,80.001,82.419,83.6983649538185,37.904,38.372,40.774,38.97,36.799,39.486,35.4027711462222,18.95,21.245,23.661,25.431,27.597,28.777,27.597,-0.217125605414806,-0.971683492771767,-0.0932076249462132,10,15,5,11,1,16,1
82.407,80.715,77.82,80.001,82.419,79.282,74.9173649538185,38.372,40.774,38.97,36.799,39.486,41.498,35.2047711462222,21.245,23.661,25.431,27.597,28.777,29.484,21.772,-0.384281937654212,-0.834287481351388,0.395337565699343,15,5,11,1,16,2,6
80.715,77.82,80.001,82.419,79.282,78.182,83.6983649538185,40.774,38.97,36.799,39.486,41.498,38.675,35.4027711462222,23.661,25.431,27.597,28.777,29.484,31.796,27.597,-0.742180742757169,-0.622674456296258,0.247879540415454,5,11,1,16,2,3,1
80.715,80.001,82.419,79.282,78.182,81.664,83.6983649538185,40.774,36.799,39.486,41.498,38.675,38.645,35.4027711462222,23.661,27.597,28.777,29.484,31.796,33.356,27.597,-0.184143251796254,-0.961061224597618,0.206040251875281,5,1,16,2,3,2,1
77.82,80.001,82.419,79.282,78.182,81.745,72.7133649538185,38.97,36.799,39.486,41.498,38.675,42.396,40.3567711462222,25.431,27.597,28.777,29.484,31.796,33.787,31.741,-0.531406847231847,-0.616254793671804,0.581237294047475,11,1,16,2,3,3,7
80.001,82.419,79.282,78.182,81.664,78.447,72.7133649538185,36.799,39.486,41.498,38.675,38.645,42.187,40.3567711462222,27.597,28.777,29.484,31.796,33.356,35.668,31.741,-0.201406264550608,-0.944008937411017,0.261309476842869,1,16,2,3,2,12,7
82.419,79.282,78.182,81.664,81.745,78.447,82.0353649538185,39.486,41.498,38.675,38.645,42.396,42.187,33.5567711462222,28.777,29.484,31.796,33.356,33.787,35.668,33.356,-0.61254271145024,-0.679931867272702,0.403093143722694,16,2,3,2,3,12,2
79.282,81.664,81.745,78.447,82.365,85.272,82.0353649538185,41.498,38.645,42.396,42.187,42.071,40.31,33.5567711462222,29.484,33.356,33.787,35.668,39.132,37.408,33.356,-0.518511392028266,-0.524668565911771,0.675180592346222,2,2,3,12,1,2,2
78.182,81.664,81.745,78.447,79.616,82.365,72.7133649538185,38.675,38.645,42.396,42.187,39.605,42.071,40.3567711462222,31.796,33.356,33.787,35.668,38.231,39.132,31.741,-0.218574705796599,-0.807021244403727,0.548581633913304,3,2,3,12,15,1,7
81.664,81.745,78.447,79.616,82.365,85.272,74.1203649538185,38.645,42.396,42.187,39.605,42.071,40.31,35.8227711462222,33.356,33.787,35.668,38.231,39.132,37.408,36.509,-0.170715233905722,-0.849825019067421,0.498651928583027,2,3,12,15,1,2,8
81.664,81.745,78.447,79.616,82.365,85.272,84.0833649538185,38.645,42.396,42.187,39.605,42.071,40.31,32.5967711462222,33.356,33.787,35.668,38.231,39.132,37.408,38.231,-0.170715233905722,-0.849825019067421,0.498651928583027,2,3,12,15,1,2,15
81.664,81.745,79.616,82.365,85.272,89.579,84.0833649538185,38.645,42.396,39.605,42.071,40.31,36.379,32.5967711462222,33.356,33.787,38.231,39.132,37.408,36.509,38.231,-0.0880482486618579,-0.826813903131945,0.555541425543855,2,3,15,1,2,8,15
85.272,89.579,90.035,93.716,93.104,90.986,85.5173649538185,40.31,36.379,37.208,36.29,32.931,31.845,33.5267711462222,37.408,36.509,32.833,33.024,34.674,31.741,31.796,-0.847354104539844,-0.399092006406942,0.35030928041027,2,8,16,8,9,7,3
89.579,90.035,93.716,93.104,90.986,92.34,85.5173649538185,36.379,37.208,36.29,32.931,31.845,37.354,33.5267711462222,36.509,32.833,33.024,34.674,31.741,28.311,31.796,-0.728944980283274,-0.452427092070102,0.513759615073828,8,16,8,9,7,3,3
89.579,90.035,93.716,93.104,90.986,92.34,85.5173649538185,36.379,37.208,36.29,32.931,31.845,37.354,33.5267711462222,36.509,32.833,33.024,34.674,31.741,28.311,31.796,-0.728944980283274,-0.452427092070102,0.513759615073828,8,16,8,9,7,3,3
89.579,90.035,93.716,93.104,90.986,92.762,85.5173649538185,36.379,37.208,36.29,32.931,31.845,29.46,33.5267711462222,36.509,32.833,33.024,34.674,31.741,29.392,31.796,-0.745602835766272,-0.461492789249511,0.480729463178615,8,16,8,9,7,3,3
90.035,93.716,93.104,90.986,92.762,92.686,85.5173649538185,37.208,36.29,32.931,31.845,29.46,31.13,33.5267711462222,32.833,33.024,34.674,31.741,29.392,25.987,31.796,-0.0558658080892595,-0.990196453339688,0.128023416920647,16,8,9,7,3,2,3
93.716,93.104,90.986,92.762,92.686,90.965,89.2643649538185,36.29,32.931,31.845,29.46,31.13,29.949,24.6827711462222,33.024,34.674,31.741,29.392,25.987,22.843,29.698,-0.0570159505816479,-0.951171716136513,0.303350536180821,8,9,7,3,2,4,4
90.986,92.762,92.686,90.965,93.426,91.833,96.5943649538185,31.845,29.46,31.13,29.949,29.863,35.435,27.4477711462222,31.741,29.392,25.987,22.843,19.94,23.35,25.195,0.102710783173656,-0.862096188247204,-0.496226417303125,7,3,2,4,19,10,20
92.686,90.965,93.426,93.29,90.668,91.833,87.6083649538185,31.13,29.949,29.863,31.023,33.703,35.435,24.7557711462222,25.987,22.843,19.94,17.145,17.885,23.35,23.288,0.00227178020190867,-0.799370965353151,-0.600833503364356,2,4,19,20,7,10,7
92.686,90.965,93.426,93.29,90.668,91.833,96.5943649538185,31.13,29.949,29.863,31.023,33.703,35.435,27.4477711462222,25.987,22.843,19.94,17.145,17.885,23.35,25.195,0.00227178020190867,-0.799370965353151,-0.600833503364356,2,4,19,20,7,10,20
90.965,93.426,93.29,90.668,90.459,91.833,96.5233649538185,29.949,29.863,31.023,33.703,37.456,35.435,26.0237711462222,22.843,19.94,17.145,17.885,18.357,23.35,14.864,-0.250794492606178,-0.557047153580616,-0.791707389864553,4,19,20,7,6,10,14
93.426,93.29,90.668,90.459,88.782,91.833,84.3063649538185,29.863,31.023,33.703,37.456,36.997,35.435,34.2977711462222,19.94,17.145,17.885,18.357,21.772,23.35,18.95,-0.0888799165461626,-0.690040080806603,-0.718293148592664,19,20,7,6,6,10,10
93.29,90.668,90.459,88.782,91.833,93.456,84.3063649538185,31.023,33.703,37.456,36.997,35.435,38.863,34.2977711462222,17.145,17.885,18.357,21.772,23.35,23.117,18.95,-0.108474618961318,-0.616631272916508,-0.779742989902804,20,7,6,6,10,10,10
90.668,90.459,88.782,91.833,93.456,91.237,84.3063649538185,33.703,37.456,36.997,35.435,38.863,40.046,34.2977711462222,17.885,18.357,21.772,23.35,23.117,25.903,18.95,-0.174207672841857,-0.764376264210223,-0.620790313580236,7,6,6,10,10,5,10
92.686,88.782,91.833,93.456,91.237,92.34,85.8793649538185,31.13,36.997,35.435,38.863,40.046,37.354,33.2317711462222,25.987,21.772,23.35,23.117,25.903,28.311,25.431,0.253614044736492,-0.935775896609751,-0.244955889164995,2,6,10,10,5,3,11
90.459,88.782,91.833,93.456,91.237,92.34,85.8793649538185,37.456,36.997,35.435,38.863,40.046,37.354,33.2317711462222,18.357,21.772,23.35,23.117,25.903,28.311,25.431,0.0580502488048844,-0.875581992865878,-0.479568913069548,6,6,10,10,5,3,11
90.035,88.782,91.833,93.456,91.237,92.34,85.8793649538185,37.208,36.997,35.435,38.863,40.046,37.354,33.2317711462222,32.833,21.772,23.35,23.117,25.903,28.311,25.431,-0.130183850889831,-0.923398156337942,-0.361092799483989,16,6,10,10,5,3,11
90.035,93.716,91.833,93.456,91.237,92.34,85.8793649538185,37.208,36.29,35.435,38.863,40.046,37.354,33.2317711462222,32.833,33.024,23.35,23.117,25.903,28.311,25.431,0.405414527746469,-0.791460762205191,-0.457415481353316,16,8,10,10,5,3,11
