Coord_1,Coord_2,Coord_3,Coord_4,Coord_5,Coord_6,Coord_7,Coord_8,Coord_9,Coord_10,Coord_11,Coord_12,Coord_13,Coord_14,Coord_15,Coord_16,Coord_17,Coord_18,Coord_19,Coord_20,Coord_21,Norm_V_1,Norm_V_2,Norm_V_3,Res_Type_1,Res_Type_2,Res_Type_3,Res_Type_4,Res_Type_5,Res_Type_6,Res_Type_7
32.63,35.485,36.393,38.682,39.548,41.085,25.422,52.222,51.401,47.738,46.883,51.081,51.361,54.929,28.139,30.502,30.259,33.15,29.124,32.557,32.936,0.971820563060325,0.159345990598607,-0.173705637482672,2,3,2,6,17,7,3
32.63,35.485,36.393,38.682,44.769,41.085,32.649,52.222,51.401,47.738,46.883,44.045,51.361,45.184,28.139,30.502,30.259,33.15,35.533,32.557,33.906,0.752663827665025,0.0601103768230329,-0.655655324940495,2,3,2,6,8,7,5
32.63,35.485,36.393,38.682,44.769,41.085,35.591,52.222,51.401,47.738,46.883,44.045,51.361,43.289,28.139,30.502,30.259,33.15,35.533,32.557,32.411,0.752663827665025,0.0601103768230329,-0.655655324940495,2,3,2,6,8,7,12
32.63,35.485,36.393,38.682,44.769,41.085,35.591,52.222,51.401,47.738,46.883,44.045,51.361,43.289,28.139,30.502,30.259,33.15,35.533,32.557,32.411,0.752663827665025,0.0601103768230329,-0.655655324940495,2,3,2,6,8,7,12
38.682,41.887,44.769,44.501,39.548,41.085,35.591,46.883,44.801,44.045,40.115,51.081,51.361,43.289,33.15,33.132,35.533,32.513,29.124,32.557,32.411,0.490407697673299,0.68364153468492,-0.540494719785884,6,17,8,13,17,7,12
38.682,41.887,44.769,47.18,44.501,41.085,35.591,46.883,44.801,44.045,38.84,40.115,51.361,43.289,33.15,33.132,35.533,34.906,32.513,32.557,32.411,0.238637342827875,0.525933964401939,-0.816361245832084,6,17,8,2,13,7,12
49.936,52.26,52.031,48.242,47.18,49.147,44.8573649538185,37.526,34.582,35.595,35.345,38.84,33.952,32.8917711462222,31.861,32.381,36.081,35.89,34.906,25.878,35.483,0.188076797643237,0.807640457609577,-0.558877454743396,2,10,5,1,2,6,16
49.936,52.26,52.031,44.501,49.147,54.824,44.8573649538185,37.526,34.582,35.595,40.115,33.952,38.817,32.8917711462222,31.861,32.381,36.081,32.513,25.878,41.687,35.483,0.331042457136402,0.917767420171096,-0.219348704225906,2,10,5,13,6,10,16
49.936,52.26,52.031,48.242,47.18,54.824,47.7763649538185,37.526,34.582,35.595,35.345,38.84,38.817,32.0947711462222,31.861,32.381,36.081,35.89,34.906,41.687,39.537,0.351373242514712,0.806368993320928,-0.475716187506049,2,10,5,1,2,10,7
49.936,52.26,52.031,48.242,47.18,49.147,44.8573649538185,37.526,34.582,35.595,35.345,38.84,33.952,32.8917711462222,31.861,32.381,36.081,35.89,34.906,25.878,35.483,0.188076797643237,0.807640457609577,-0.558877454743396,2,10,5,1,2,6,16
44.769,49.936,52.26,52.031,48.242,47.18,44.8573649538185,44.045,37.526,34.582,35.595,35.345,38.84,32.8917711462222,35.533,31.861,32.381,36.081,35.89,34.906,35.483,0.19614307529406,0.707460195288426,-0.678990402065192,8,2,10,5,1,2,16
41.887,44.769,52.26,44.501,45.627,52.333,44.8573649538185,44.801,44.045,34.582,40.115,35.439,40.796,32.8917711462222,33.132,35.533,32.381,32.513,25.986,39.678,35.483,0.731715321414569,0.650714264286732,-0.202888231942986,17,8,10,13,19,16,16
62.996,67.176,69.056,70.832,65.426,67.105,70.2733649538185,47.488,46.178,46.918,43.61,46.871,44.754,42.3387711462222,16.374,14.864,10.023,10.774,22.494,25.195,19.94,0.174998617219259,-0.624259833955416,-0.761364002091841,14,14,12,12,7,20,8
62.996,67.176,69.056,70.832,71.034,77.122,70.4093649538185,47.488,46.178,46.918,43.61,45.223,47.37,41.1787711462222,16.374,14.864,10.023,10.774,5.522,13.613,17.145,0.235776986251092,-0.348406506774231,-0.90720566510121,14,14,12,12,15,16,12
65.828,69.056,70.832,69.793,59.564,57.949,70.4093649538185,43.504,46.918,43.61,42.142,41.297,38.236,41.1787711462222,12.524,10.023,10.774,7.373,8.869,12.417,17.145,0.0715236599445074,0.992988501299111,-0.0941180235443169,3,12,12,3,3,5,12
62.996,67.176,69.056,70.832,71.034,74.292,70.4093649538185,47.488,46.178,46.918,43.61,45.223,44.951,41.1787711462222,16.374,14.864,10.023,10.774,5.522,7.524,17.145,-0.394471921050378,0.142550612753061,-0.907783689160888,14,14,12,12,15,18,12
67.176,69.056,70.832,71.034,74.292,74.867,70.4093649538185,46.178,46.918,43.61,45.223,44.951,41.259,41.1787711462222,14.864,10.023,10.774,5.522,7.524,6.688,17.145,-0.381365512289225,0.790195800833521,-0.479740494831786,14,12,12,15,18,9,12
65.828,69.793,74.867,74.355,77.046,67.289,71.8723649538185,43.504,42.142,41.259,42.29,44.937,41.953,35.3497711462222,12.524,7.373,6.688,3.068,3.391,-0.793,8.47,-0.30064845927347,0.907573769931697,0.293121742742594,3,3,9,7,2,4,11
69.056,70.832,71.034,74.292,74.867,64.069,72.0853649538185,46.918,43.61,45.223,44.951,41.259,41.782,38.5357711462222,10.023,10.774,5.522,7.524,6.688,4.158,-0.948,-0.271211704639338,0.936866896157723,-0.22073656278564,12,12,15,18,9,13,18
69.056,70.832,71.034,74.292,78.944,77.122,71.8723649538185,46.918,43.61,45.223,44.951,40.263,47.37,35.3497711462222,10.023,10.774,5.522,7.524,2.008,13.613,8.47,0.16431400983346,0.935546682071434,-0.312655260370878,12,12,15,18,19,16,11
70.832,69.793,71.034,74.867,74.355,77.046,71.8723649538185,43.61,42.142,45.223,41.259,42.29,44.937,35.3497711462222,10.774,7.373,5.522,6.688,3.068,3.391,8.47,0.0713838646481639,0.965723030629006,0.249566367887624,12,3,15,9,7,2,11
69.793,74.867,74.355,77.046,79.893,67.289,72.0853649538185,42.142,41.259,42.29,44.937,43.24,41.953,38.5357711462222,7.373,6.688,3.068,3.391,-0.133,-0.793,-0.948,-0.0561943176145831,0.83594302056253,0.545931740275856,3,9,7,2,6,4,18
69.793,74.867,74.355,77.046,79.893,67.289,72.0853649538185,42.142,41.259,42.29,44.937,43.24,41.953,38.5357711462222,7.373,6.688,3.068,3.391,-0.133,-0.793,-0.948,-0.0561943176145831,0.83594302056253,0.545931740275856,3,9,7,2,6,4,18
71.034,74.292,78.944,84.321,83.657,74.308,75.9033649538185,45.223,44.951,40.263,40.265,40.167,44.591,35.4027711462222,5.522,7.524,2.008,1.738,-2.038,-6.092,-2.841,-0.116447772041061,0.985540924546692,0.123081283834404,15,18,19,16,15,16,12
74.867,74.355,77.046,79.893,88.981,79.746,74.8223649538185,41.259,42.29,44.937,43.24,39.476,43.147,39.7417711462222,6.688,3.068,3.391,-0.133,-0.472,-9.032,-5.807,0.104578161136082,0.816806045713688,0.567354643850709,9,7,2,6,8,1,7
78.944,84.321,83.657,88.981,87.796,92.549,84.7553649538185,40.263,40.265,40.167,39.476,36.799,45.184,31.9387711462222,2.008,1.738,-2.038,-0.472,-2.841,2.306,2.008,0.355430329327551,0.927664366625565,0.114490627945255,19,16,15,8,19,13,13
78.944,84.321,83.657,88.981,87.796,82.925,80.0423649538185,40.263,40.265,40.167,39.476,36.799,38.742,32.0347711462222,2.008,1.738,-2.038,-0.472,-2.841,-9.252,-2.038,0.36761192351507,0.927575089938956,0.0668275857284083,19,16,15,8,19,14,3
88.981,90.669,93.004,86.537,94.365,95.491,84.7553649538185,39.476,36.707,36.963,37.859,39.922,43.289,31.9387711462222,-0.472,-5.281,-2.291,-8.422,2.243,0.811,2.008,-0.744303306699077,0.19777245244358,0.637886075009692,8,2,8,6,7,12,13
84.321,83.657,87.796,91.614,88.877,88.135,84.7553649538185,40.265,40.167,36.799,33.666,32.46,34.467,31.9387711462222,1.738,-2.038,-2.841,-0.948,-5.807,-8.927,2.008,-0.0610187839624563,0.995278738469236,-0.0754780812874098,16,15,19,17,16,20,13
88.981,90.669,93.004,92.273,86.537,94.365,89.3913649538185,39.476,36.707,36.963,31.952,37.859,39.922,27.6107711462222,-0.472,-5.281,-2.291,-4.273,-8.422,2.243,-6.092,-0.679682667408365,0.447433150620675,0.581235793245999,8,2,8,1,6,7,19
88.981,90.669,93.004,96.404,94.365,95.491,96.4103649538185,39.476,36.707,36.963,36.92,39.922,43.289,30.2487711462222,-0.472,-5.281,-2.291,3.468,2.243,0.811,-0.793,-0.84490203027601,0.173702103016718,0.5059329388793,8,2,8,3,7,12,16
87.796,93.004,91.614,88.877,88.135,91.827,96.4103649538185,36.799,36.963,33.666,32.46,34.467,36.852,30.2487711462222,-2.841,-2.291,-0.948,-5.807,-8.927,8.47,-0.793,-0.65798545076952,0.751075105685583,-0.0542340501440058,19,8,17,16,20,17,16
88.981,90.669,93.004,92.273,86.537,96.404,93.1353649538185,39.476,36.707,36.963,31.952,37.859,36.92,27.7667711462222,-0.472,-5.281,-2.291,-4.273,-8.422,3.468,-6.644,-0.670205606239537,0.395187729494177,0.628212626283754,8,2,8,1,6,3,2
83.657,87.796,91.614,88.877,88.135,82.925,89.3913649538185,40.167,36.799,33.666,32.46,34.467,38.742,27.6107711462222,-2.038,-2.841,-0.948,-5.807,-8.927,-9.252,-6.092,-0.134887974191036,0.990384318270564,-0.0307268049492371,15,19,17,16,20,14,19
83.657,87.796,91.614,88.877,88.135,82.925,83.9533649538185,40.167,36.799,33.666,32.46,34.467,38.742,29.0547711462222,-2.038,-2.841,-0.948,-5.807,-8.927,-9.252,-9.032,-0.134887974191036,0.990384318270564,-0.0307268049492371,15,19,17,16,20,14,15
88.981,90.669,93.004,86.537,82.925,81.741,80.7743649538185,39.476,36.707,36.963,37.859,38.742,41.388,33.4597711462222,-0.472,-5.281,-2.291,-8.422,-9.252,-11.763,-9.252,-0.414554296631654,0.368884458671934,0.831906840514338,8,2,8,6,14,10,6
83.657,88.135,86.537,82.925,81.741,76.419,80.7743649538185,40.167,34.467,37.859,38.742,41.388,45.005,33.4597711462222,-2.038,-8.927,-8.422,-9.252,-11.763,-9.192,-9.252,-0.594963601626133,-0.131699141838115,0.792889430361614,15,20,6,14,10,12,6
83.657,86.537,82.925,81.741,79.746,76.419,75.5643649538185,40.167,37.859,38.742,41.388,43.147,45.005,37.7347711462222,-2.038,-8.422,-9.252,-11.763,-9.032,-9.192,-8.927,-0.631516559153659,-0.390047870031459,0.670111553846556,15,6,14,10,1,12,2
79.893,86.537,81.741,79.746,76.419,70.564,74.8223649538185,43.24,37.859,41.388,43.147,45.005,44.435,39.7417711462222,-0.133,-8.422,-11.763,-9.032,-9.192,-6.644,-5.807,-0.33843750838591,-0.758463265756841,0.556950201916657,6,6,10,1,12,9,7
82.925,81.741,76.419,74.308,70.564,68.763,74.8223649538185,38.742,41.388,45.005,44.591,44.435,46.305,39.7417711462222,-9.252,-11.763,-9.192,-6.092,-6.644,-3.847,-5.807,-0.466722708995181,-0.44717722589579,0.763021914199288,14,10,12,16,9,18,7
78.944,76.419,74.308,70.564,68.763,65.245,74.8223649538185,40.263,45.005,44.591,44.435,46.305,45.183,39.7417711462222,2.008,-9.192,-6.092,-6.644,-3.847,-4.75,-5.807,-0.638530296605349,-0.423616793713845,0.642516826550625,19,12,16,9,18,13,7
76.419,74.308,70.564,65.245,65.911,67.289,71.4263649538185,45.005,44.591,44.435,45.183,41.49,41.953,40.2497711462222,-9.192,-6.092,-6.644,-4.75,-4.314,-0.793,-4.273,-0.694169487850443,-0.264876176312615,0.669305112306384,12,16,9,13,3,4,9
71.034,74.308,70.564,68.763,65.245,64.631,71.4263649538185,45.223,44.591,44.435,46.305,45.183,44.478,40.2497711462222,5.522,-6.092,-6.644,-3.847,-4.75,0.094,-4.273,0.125096560113869,-0.103921528378517,0.986686964841003,15,16,9,18,13,12,9
70.564,68.763,65.245,64.631,61.69,63.185,71.4263649538185,44.435,46.305,45.183,44.478,42.3,39.557,40.2497711462222,-6.644,-3.847,-4.75,0.094,-0.909,1.25,-4.273,0.698948466227908,-0.325581917148967,0.636763265887141,9,18,13,12,10,12,9
70.564,65.245,65.911,67.289,64.631,61.69,71.4263649538185,44.435,45.183,41.49,41.953,44.478,42.3,40.2497711462222,-6.644,-4.75,-4.314,-0.793,0.094,-0.909,-4.273,0.678800411151083,-0.209072757466825,0.703930809033345,9,13,3,4,12,10,9
69.793,74.355,70.564,65.911,67.289,61.69,71.4263649538185,42.142,42.29,44.435,41.49,41.953,42.3,40.2497711462222,7.373,3.068,-6.644,-4.314,-0.793,-0.909,-4.273,0.538176920334565,0.684367748733811,0.491941446629797,3,7,9,3,4,10,9
65.245,64.631,61.69,63.185,64.069,60.38,71.4263649538185,45.183,44.478,42.3,39.557,41.782,42.819,40.2497711462222,-4.75,0.094,-0.909,1.25,4.158,4.053,-4.273,0.985477906866201,0.143159783736214,0.0913157784789239,13,12,10,12,13,8,9
65.245,64.631,61.69,63.185,64.069,60.38,58.1723649538185,45.183,44.478,42.3,39.557,41.782,42.819,36.7627711462222,-4.75,0.094,-0.909,1.25,4.158,4.053,-5.614,0.985477906866201,0.143159783736214,0.0913157784789239,13,12,10,12,13,8,16
64.631,61.69,63.185,64.069,60.38,61.063,67.2953649538185,44.478,42.3,39.557,41.782,42.819,38.444,35.2817711462222,0.094,-0.909,1.25,4.158,4.053,6.875,3.468,0.832792123372698,0.54802147265622,0.0782926864790087,12,10,12,13,8,17,12
64.631,61.69,63.185,64.069,60.38,61.063,67.2953649538185,44.478,42.3,39.557,41.782,42.819,38.444,35.2817711462222,0.094,-0.909,1.25,4.158,4.053,6.875,3.468,0.832792123372698,0.54802147265622,0.0782926864790087,12,10,12,13,8,17,12
61.69,63.185,64.069,60.38,58.942,56.023,55.5573649538185,42.3,39.557,41.782,42.819,39.31,40.107,36.8567711462222,-0.909,1.25,4.158,4.053,3.883,7.937,4.29000000000001,0.998090246880468,0.0489196837873384,-0.0377190087387352,10,12,13,8,2,6,15
61.69,60.38,58.942,59.564,56.023,57.949,55.5573649538185,42.3,42.819,39.31,41.297,40.107,38.236,36.8567711462222,-0.909,4.053,3.883,8.869,7.937,12.417,4.29000000000001,0.947469679114343,-0.302959887973798,0.102550053329424,10,8,2,3,6,5,15
64.631,63.185,64.069,60.38,61.063,56.797,55.5573649538185,44.478,39.557,41.782,42.819,38.444,36.601,36.8567711462222,0.094,1.25,4.158,4.053,6.875,9.222,4.29000000000001,0.636926531752391,0.709001528131317,0.302723349375841,12,12,13,8,17,13,15
65.828,60.38,58.942,59.564,56.023,57.949,55.5573649538185,43.504,42.819,39.31,41.297,40.107,38.236,36.8567711462222,12.524,4.053,3.883,8.869,7.937,12.417,4.29000000000001,0.980062346014543,-0.170475274972592,0.10205870147856,3,8,2,3,6,5,15
60.38,58.942,59.564,56.023,57.949,54.706,55.5573649538185,42.819,39.31,41.297,40.107,38.236,40.225,36.8567711462222,4.053,3.883,8.869,7.937,12.417,12.724,4.29000000000001,0.887360705812327,-0.452295173697887,0.0895547521343684,8,2,3,6,5,9,15
60.38,61.063,56.023,56.797,57.949,54.706,55.5573649538185,42.819,38.444,40.107,36.601,38.236,40.225,36.8567711462222,4.053,6.875,7.937,9.222,12.417,12.724,4.29000000000001,0.982459161827516,0.121926715361326,0.141095256555182,8,17,6,13,5,9,15
59.564,56.023,57.949,54.706,52.606,54.672,55.5573649538185,41.297,40.107,38.236,40.225,37.11,35.392,36.8567711462222,8.869,7.937,12.417,12.724,12.245,14.959,4.29000000000001,0.854427787160307,-0.144471698542924,0.499080238887961,3,6,5,9,2,4,15
56.023,56.797,57.949,54.706,54.672,50.282,55.5573649538185,40.107,36.601,38.236,40.225,35.392,38.323,36.8567711462222,7.937,9.222,12.417,12.724,14.959,17.039,4.29000000000001,0.81270017707774,0.510260155017514,0.281341423148659,6,13,5,9,4,11,15
59.564,56.023,57.949,54.706,52.606,54.672,48.9753649538185,41.297,40.107,38.236,40.225,37.11,35.392,33.3847711462222,8.869,7.937,12.417,12.724,12.245,14.959,10.087,0.854427787160307,-0.144471698542924,0.499080238887961,3,6,5,9,2,4,3
57.949,54.706,52.606,54.672,50.336,52.224,48.9753649538185,38.236,40.225,37.11,35.392,34.573,34.62,33.3847711462222,12.417,12.724,12.245,14.959,17.444,20.75,10.087,0.758370724333189,0.537718501412158,0.36841913320757,5,9,2,4,9,9,3
54.706,54.672,50.282,50.336,52.224,48.438,48.9753649538185,40.225,35.392,38.323,34.573,34.62,32.325,33.3847711462222,12.724,14.959,17.039,17.444,20.75,22.497,10.087,0.83688355624273,0.515115942278468,0.185152583835838,9,4,11,9,9,12,3
54.706,54.672,50.282,50.336,52.224,48.438,48.5863649538185,40.225,35.392,38.323,34.573,34.62,32.325,30.7267711462222,12.724,14.959,17.039,17.444,20.75,22.497,12.76,0.83688355624273,0.515115942278468,0.185152583835838,9,4,11,9,9,12,2
54.672,50.282,50.336,52.224,48.438,49.147,48.5863649538185,35.392,38.323,34.573,34.62,32.325,33.952,30.7267711462222,14.959,17.039,17.444,20.75,22.497,25.878,12.76,0.553692010757828,0.828983458854722,0.0788135912658107,4,11,9,9,12,6,2
50.282,50.336,52.224,48.438,49.147,45.627,48.5863649538185,38.323,34.573,34.62,32.325,33.952,35.439,30.7267711462222,17.039,17.444,20.75,22.497,25.878,25.986,12.76,0.729851546862272,0.667541544991817,0.147326186581631,11,9,9,12,6,19,2
49.936,52.26,50.336,52.224,48.438,49.147,42.1093649538185,37.526,34.582,34.573,34.62,32.325,33.952,29.9017711462222,31.861,32.381,17.444,20.75,22.497,25.878,30.691,0.626651288128056,0.777394740041248,0.0544571505281757,2,10,9,9,12,6,15
41.887,52.26,44.501,50.282,48.438,45.627,42.1093649538185,44.801,34.582,40.115,38.323,32.325,35.439,29.9017711462222,33.132,32.381,32.513,17.039,22.497,25.986,30.691,0.740637646819792,0.638946735788323,0.207853181208965,17,10,13,11,12,19,15
38.682,41.887,44.769,44.501,39.548,41.085,35.591,46.883,44.801,44.045,40.115,51.081,51.361,43.289,33.15,33.132,35.533,32.513,29.124,32.557,32.411,0.490407697673299,0.68364153468492,-0.540494719785884,6,17,8,13,17,7,12
35.485,36.393,38.682,44.769,39.548,41.085,35.591,51.401,47.738,46.883,44.045,51.081,51.361,43.289,30.502,30.259,33.15,35.533,29.124,32.557,32.411,0.749022203864049,0.385276116056047,-0.539006542182384,3,2,6,8,17,7,12
61.959,61.795,65.541,64.95,77.179,61.941,61.5237299076371,74.625,77.218,76.662,75.57,73.013,67.368,83.5035422924445,7.579,10.348,10.869,4.944,-2.115,25.434,5.229,0.278496959423571,-0.741704451643089,0.610175343655125,10,6,11,20,15,12,1
61.959,61.795,65.541,64.95,61.715,61.941,61.5237299076371,74.625,77.218,76.662,75.57,69.821,67.368,83.5035422924445,7.579,10.348,10.869,4.944,28.394,25.434,5.229,0.621992609288245,-0.717114220933518,0.3144398004797,10,6,11,20,8,12,1
61.959,61.795,65.541,64.95,79.525,80.077,61.5237299076371,74.625,77.218,76.662,75.57,68.758,77.278,83.5035422924445,7.579,10.348,10.869,4.944,13.763,2.641,5.229,0.26590517183289,-0.903440196682905,0.336288939172961,10,6,11,20,13,15,1
61.959,61.795,65.541,64.95,80.077,77.179,61.5237299076371,74.625,77.218,76.662,75.57,77.278,73.013,83.5035422924445,7.579,10.348,10.869,4.944,2.641,-2.115,5.229,0.0919962847349384,-0.848224993383842,0.521585126507601,10,6,11,20,15,15,1
79.525,82.865,87.799,89.927,83.841,80.077,81.0977299076371,68.758,67.743,75.861,78.778,79.344,77.278,75.4595422924445,13.763,15.214,14.641,10.432,7.888,2.641,20.437,0.145059452981112,-0.93369485811878,0.327370840215453,13,19,20,13,20,15,14
79.525,82.865,87.799,89.927,83.841,80.077,81.0977299076371,68.758,67.743,75.861,78.778,79.344,77.278,75.4595422924445,13.763,15.214,14.641,10.432,7.888,2.641,20.437,0.145059452981112,-0.93369485811878,0.327370840215453,13,19,20,13,20,15,14
89.44,86.228,85.322,95.491,92.549,92.928,95.385,53.967,52.292,54.929,43.289,45.184,45.331,51.401,5.164,3.909,1.336,0.811,2.306,6.07,-1.098,-0.658065651530073,-0.514411768082204,0.549845552073346,9,2,1,12,13,12,5
77.046,79.893,89.44,86.228,85.322,92.928,92.53,44.937,43.24,53.967,52.292,54.929,45.331,52.222,3.391,-0.133,5.164,3.909,1.336,6.07,-3.461,-0.227851777268057,-0.104145618412411,0.96811014753554,2,6,9,2,1,12,3
77.046,79.893,79.746,89.44,86.228,85.322,92.53,44.937,43.24,43.147,53.967,52.292,54.929,52.222,3.391,-0.133,-9.032,5.164,3.909,1.336,-3.461,-0.36078684407835,-0.0701425012192258,0.930006926136948,2,6,1,9,2,1,3
61.959,64.95,66.601,80.077,79.947,77.179,59.8997299076371,74.625,75.57,68.944,77.278,74.558,73.013,68.5425422924445,7.579,4.944,-11.163,2.641,0.007,-2.115,-16.959,0.440826085458324,-0.428877686606575,0.788502563287199,10,20,5,15,7,15,17
79.525,82.865,87.799,89.927,83.841,80.077,81.0977299076371,68.758,67.743,75.861,78.778,79.344,77.278,75.4595422924445,13.763,15.214,14.641,10.432,7.888,2.641,20.437,0.145059452981112,-0.93369485811878,0.327370840215453,13,19,20,13,20,15,14
79.525,90.898,89.927,87.254,83.344,79.947,92.9797299076371,68.758,77.954,78.778,80.872,78.085,74.558,83.6665422924445,13.763,14.034,10.432,8.708,4.348,0.007,7.655,-0.550226422667555,-0.772595992759813,0.316774866064123,13,1,13,5,3,7,19
87.799,90.898,89.927,87.254,83.841,80.077,92.9797299076371,75.861,77.954,78.778,80.872,79.344,77.278,83.6665422924445,14.641,14.034,10.432,8.708,7.888,2.641,7.655,-0.456915121663152,-0.87599888881312,0.154449080261833,20,1,13,5,20,15,19
90.898,89.927,87.254,83.344,80.077,79.947,92.9797299076371,77.954,78.778,80.872,78.085,77.278,74.558,83.6665422924445,14.034,10.432,8.708,4.348,2.641,0.007,7.655,-0.602094434267363,-0.721493032046663,0.341950430519362,1,13,5,3,15,7,19
82.865,87.799,89.927,83.841,80.077,77.179,87.6207299076371,67.743,75.861,78.778,79.344,77.278,73.013,83.1295422924445,15.214,14.641,10.432,7.888,2.641,-2.115,2.139,-0.0875557748817797,-0.849162017654856,0.520824206481598,19,20,13,20,15,15,20
90.898,89.927,87.254,83.344,80.077,79.947,86.6237299076371,77.954,78.778,80.872,78.085,77.278,74.558,77.5335422924445,14.034,10.432,8.708,4.348,2.641,0.007,-0.906000000000006,-0.602094434267363,-0.721493032046663,0.341950430519362,1,13,5,3,15,7,17
89.927,83.841,83.344,80.077,79.947,77.179,86.6237299076371,78.778,79.344,78.085,77.278,74.558,73.013,77.5335422924445,10.432,7.888,4.348,2.641,0.007,-2.115,-0.906000000000006,-0.267917354711144,-0.716386637683292,0.644213067543193,13,20,3,15,7,15,17
79.525,87.254,83.344,80.077,79.947,77.179,85.9837299076371,68.758,80.872,78.085,77.278,74.558,73.013,74.5825422924445,13.763,8.708,4.348,2.641,0.007,-2.115,-3.206,-0.415253808197808,-0.766143499546004,0.490498127295733,13,5,3,15,7,15,9
64.95,83.841,83.344,80.077,79.947,77.179,85.9837299076371,75.57,79.344,78.085,77.278,74.558,73.013,74.5825422924445,4.944,7.888,4.348,2.641,0.007,-2.115,-3.206,-0.00615749357864011,-0.686936211403383,0.726691631117076,20,20,3,15,7,15,9
52.052,55.604,57.762,58.32,55.891,51.182,57.7717299076371,63.441,64.706,65.074,60.775,58.094,59.414,65.6255422924445,34.172,34.424,31.316,30.376,36.767,39.032,42.032,-0.138149375984532,-0.878850744784721,-0.456657550366164,4,11,7,4,7,3,12
52.052,55.604,57.762,61.075,55.891,54.719,60.4447299076371,63.441,64.706,65.074,66.87,58.094,60.737,63.5315422924445,34.172,34.424,31.316,30.694,36.767,39.255,40.308,-0.193901280297546,-0.813980192911243,-0.547575144657926,4,11,7,8,7,9,12
55.604,57.762,61.075,61.715,58.32,60.078,64.3547299076371,64.706,65.074,66.87,69.821,60.775,61.274,66.3185422924445,34.424,31.316,30.694,28.394,30.376,33.739,35.948,-0.138769478197192,-0.896981553550484,-0.419722675717001,11,7,8,8,4,4,15
55.604,57.762,61.075,61.715,61.941,60.078,64.3547299076371,64.706,65.074,66.87,69.821,67.368,61.274,66.3185422924445,34.424,31.316,30.694,28.394,25.434,33.739,35.948,0.227173042654637,-0.969959516176117,-0.0870111812954328,11,7,8,8,12,4,15
55.604,57.762,61.075,61.715,61.941,58.32,67.7517299076371,64.706,65.074,66.87,69.821,67.368,60.775,69.8455422924444,34.424,31.316,30.694,28.394,25.434,30.376,31.607,0.190737558269902,-0.963446801452326,-0.188120824568991,11,7,8,8,12,4,9
55.604,57.762,61.075,61.715,61.941,58.32,67.7517299076371,64.706,65.074,66.87,69.821,67.368,60.775,69.8455422924444,34.424,31.316,30.694,28.394,25.434,30.376,31.607,0.190737558269902,-0.963446801452326,-0.188120824568991,11,7,8,8,12,4,9
52.052,57.762,61.075,58.32,60.078,60.126,64.3547299076371,63.441,65.074,66.87,60.775,61.274,57.993,66.3185422924445,34.172,31.316,30.694,30.376,33.739,35.745,35.948,-0.387232789355988,-0.74782474208824,-0.539267022882206,4,7,8,4,4,3,15
57.762,61.075,58.32,60.078,60.126,55.891,60.4447299076371,65.074,66.87,60.775,61.274,57.993,58.094,63.5315422924445,31.316,30.694,30.376,33.739,35.745,36.767,40.308,-0.481232925058226,-0.64453801720317,-0.594125926230887,7,8,4,4,3,7,12
58.32,60.078,60.126,62.012,57.217,55.891,60.4447299076371,60.775,61.274,57.993,56.736,54.811,58.094,63.5315422924445,30.376,33.739,35.745,38.782,38.184,36.767,40.308,-0.641813467312133,-0.543469850508569,-0.541032341699618,4,4,3,8,9,7,12
60.078,60.126,62.012,57.217,55.891,54.719,60.4447299076371,61.274,57.993,56.736,54.811,58.094,60.737,63.5315422924445,33.739,35.745,38.782,38.184,36.767,39.255,40.308,-0.551518769803882,-0.432481308773316,-0.713293042245424,4,3,8,9,7,9,12
60.126,62.012,57.217,55.891,54.719,51.182,60.4447299076371,57.993,56.736,54.811,58.094,60.737,59.414,63.5315422924445,35.745,38.782,38.184,36.767,39.255,39.032,40.308,-0.104874547173229,-0.539836428433687,-0.8352113264864,3,8,9,7,9,3,12
60.126,62.012,57.217,55.891,54.719,51.182,60.4447299076371,57.993,56.736,54.811,58.094,60.737,59.414,63.5315422924445,35.745,38.782,38.184,36.767,39.255,39.032,40.308,-0.104874547173229,-0.539836428433687,-0.8352113264864,3,8,9,7,9,3,12
52.052,55.604,57.217,55.891,54.719,51.182,57.7717299076371,63.441,64.706,54.811,58.094,60.737,59.414,65.6255422924445,34.172,34.424,38.184,36.767,39.255,39.032,42.032,0.00820822626234217,-0.739013165729586,-0.673640977004785,4,11,9,7,9,3,12
52.052,60.126,57.217,55.891,54.719,51.182,57.7717299076371,63.441,57.993,54.811,58.094,60.737,59.414,65.6255422924445,34.172,35.745,38.184,36.767,39.255,39.032,42.032,0.0203340795164277,-0.608733686668971,-0.793114004367987,4,3,9,7,9,3,12
67.855,65.426,66.758,63.042,62.586,76.091,70.2733649538185,49.79,46.871,47.539,48.091,44.3,47.446,42.3387711462222,23.04,22.494,27.795,27.078,27.373,23.288,19.94,-0.196502959301361,-0.306024411523288,0.931523293609791,5,7,3,2,4,7,8
62.996,67.855,65.426,66.758,63.042,62.586,70.2733649538185,47.488,49.79,46.871,47.539,48.091,44.3,42.3387711462222,16.374,23.04,22.494,27.795,27.078,27.373,19.94,-0.652706281098965,-0.750514479939855,0.103453013559628,14,5,7,3,2,4,8
62.996,67.176,65.426,67.105,71.304,76.323,71.0133649538185,47.488,46.178,46.871,44.754,50.622,45.973,41.0717711462222,16.374,14.864,22.494,25.195,33.951,26.73,25.987,-0.0382444941297551,-0.747346485926885,-0.663332939511898,14,14,7,20,17,20,7
67.855,66.758,63.042,62.586,64.72,62.681,70.9373649538185,49.79,47.539,48.091,44.3,44.08,46.858,42.7417711462222,23.04,27.795,27.078,27.373,30.536,32.213,29.392,-0.830857589304436,-0.140473750444354,0.538463361549622,5,3,2,4,2,2,11
67.855,66.758,63.042,62.586,64.72,62.681,70.9373649538185,49.79,47.539,48.091,44.3,44.08,46.858,42.7417711462222,23.04,27.795,27.078,27.373,30.536,32.213,29.392,-0.830857589304436,-0.140473750444354,0.538463361549622,5,3,2,4,2,2,11
65.426,66.758,63.042,62.586,64.72,62.681,70.9373649538185,46.871,47.539,48.091,44.3,44.08,46.858,42.7417711462222,22.494,27.795,27.078,27.373,30.536,32.213,29.392,-0.870386793641781,-0.325493045574288,0.369433494335252,7,3,2,4,2,2,11
66.758,63.042,62.586,64.72,62.681,66.609,70.9373649538185,47.539,48.091,44.3,44.08,46.858,47.114,42.7417711462222,27.795,27.078,27.373,30.536,32.213,35.984,29.392,-0.970179452326948,0.178637548664678,0.163830572512148,3,2,4,2,2,5,11
66.758,63.042,62.586,64.72,62.681,66.609,70.9373649538185,47.539,48.091,44.3,44.08,46.858,47.114,42.7417711462222,27.795,27.078,27.373,30.536,32.213,35.984,29.392,-0.970179452326948,0.178637548664678,0.163830572512148,3,2,4,2,2,5,11
52.26,44.501,52.333,54.824,55.213,58.992,51.1933649538185,34.582,40.115,40.796,38.817,41.475,41.705,35.0917711462222,32.381,32.513,39.678,41.687,44.36,44.094,43.845,0.630305430028628,0.63857301155838,-0.441519618800442,10,13,16,10,17,12,19
52.26,52.031,52.333,54.824,55.213,58.992,51.1933649538185,34.582,35.595,40.796,38.817,41.475,41.705,35.0917711462222,32.381,36.081,39.678,41.687,44.36,44.094,43.845,0.514611224964591,0.637334522063841,-0.573567776401445,10,5,16,10,17,12,19
52.26,52.031,52.333,54.824,55.213,58.992,53.4633649538185,34.582,35.595,40.796,38.817,41.475,41.705,37.6287711462222,32.381,36.081,39.678,41.687,44.36,44.094,49.044,0.514611224964591,0.637334522063841,-0.573567776401445,10,5,16,10,17,12,6
52.031,52.333,54.824,55.213,58.992,66.609,53.4633649538185,35.595,40.796,38.817,41.475,41.705,47.114,37.6287711462222,36.081,39.678,41.687,44.36,44.094,35.984,49.044,0.13321432690395,0.644392881166463,-0.753001831212589,5,16,10,17,12,5,6
66.758,64.72,62.681,66.609,70.208,74.937,70.5953649538185,47.539,44.08,46.858,47.114,48.185,49.955,39.2707711462222,27.795,30.536,32.213,35.984,36.662,34.809,34.674,-0.991559670775525,-0.129379652480432,0.00838598924247989,3,2,2,5,8,9,15
66.609,70.208,71.304,74.937,76.973,74.435,70.9373649538185,47.114,48.185,50.622,49.955,47.73,47.519,42.7417711462222,35.984,36.662,33.951,34.809,32.509,29.698,29.392,-0.353944480874099,-0.610691565104791,-0.708363689617576,5,8,17,9,9,4,11
67.105,70.208,71.304,74.937,76.973,76.323,70.9373649538185,44.754,48.185,50.622,49.955,47.73,45.973,42.7417711462222,25.195,36.662,33.951,34.809,32.509,26.73,29.392,-0.233018035226542,-0.940239216868175,-0.248299839553477,20,8,17,9,9,20,11
70.208,71.304,74.937,76.973,74.435,78.447,70.9373649538185,48.185,50.622,49.955,47.73,47.519,42.187,42.7417711462222,36.662,33.951,34.809,32.509,29.698,35.668,29.392,-0.0689908788037365,-0.823352142389994,-0.563321851399087,8,17,9,9,4,12,11
70.208,74.937,76.973,74.435,81.745,78.447,70.9373649538185,48.185,49.955,47.73,47.519,42.396,42.187,42.7417711462222,36.662,34.809,32.509,29.698,33.787,35.668,29.392,-0.0501814446946332,-0.867327908046141,-0.495201093024505,8,9,9,4,3,12,11
66.758,74.937,76.973,74.435,76.091,79.282,70.9373649538185,47.539,49.955,47.73,47.519,47.446,41.498,42.7417711462222,27.795,34.809,32.509,29.698,23.288,29.484,29.392,0.936388891313775,-0.0241735904024954,-0.350130663825967,3,9,9,4,7,2,11
67.105,71.304,76.323,82.407,77.82,82.419,72.7343649538185,44.754,50.622,45.973,38.372,38.97,39.486,42.2527711462222,25.195,33.951,26.73,21.245,25.431,28.777,22.843,0.0307188920680049,0.982191041679934,-0.185356702910361,20,17,20,15,11,16,8
67.855,74.435,76.091,77.145,81.254,80.715,72.7343649538185,49.79,47.519,47.446,46.519,46.303,40.774,42.2527711462222,23.04,29.698,23.288,19.802,21.131,23.661,22.843,0.934627831514952,0.33906907212456,0.107251950500908,5,4,7,3,1,5,8
74.435,76.091,77.145,81.254,79.603,80.715,72.7343649538185,47.519,47.446,46.519,46.303,41.47,40.774,42.2527711462222,29.698,23.288,19.802,21.131,17.507,23.661,22.843,0.919389241133726,0.38652588422943,-0.0729463097641579,4,7,3,1,8,5,8
67.176,69.056,70.832,74.292,77.122,83.347,70.4093649538185,46.178,46.918,43.61,44.951,47.37,41.884,41.1787711462222,14.864,10.023,10.774,7.524,13.613,18.052,17.145,0.172526238092425,0.394069585644558,-0.902742410014951,14,12,12,18,16,14,12
76.091,77.145,81.254,83.769,79.603,80.715,72.7343649538185,47.446,46.519,46.303,39.208,41.47,40.774,42.2527711462222,23.288,19.802,21.131,15.459,17.507,23.661,22.843,0.872474891414784,0.476847978565933,0.106787495468082,7,3,1,1,8,5,8
71.304,74.937,76.973,86.175,84.478,90.553,85.9037299076371,50.622,49.955,47.73,60.9,58.374,59.372,67.1855422924445,33.951,34.809,32.509,36.829,39.114,39.891,41.948,-0.137147814740958,-0.946816650466114,-0.291081959784369,17,9,9,19,12,1,5
71.304,74.937,76.973,86.175,84.478,90.553,85.9037299076371,50.622,49.955,47.73,60.9,58.374,59.372,67.1855422924445,33.951,34.809,32.509,36.829,39.114,39.891,41.948,-0.137147814740958,-0.946816650466114,-0.291081959784369,17,9,9,19,12,1,5
86.175,84.478,90.553,81.745,82.365,85.272,85.9037299076371,60.9,58.374,59.372,42.396,42.071,40.31,67.1855422924445,36.829,39.114,39.891,33.787,39.132,37.408,41.948,0.358321747793338,-0.602872359124904,-0.712846718209112,19,12,1,3,1,2,5
94.756,91.827,93.82,92.928,93.29,90.668,93.9063649538185,36.89,36.852,39.737,45.331,31.023,33.703,30.0597711462222,10.913,8.47,6.967,6.07,17.145,17.885,7.373,-0.646696277346283,-0.741447358663585,0.178996478169973,15,17,19,12,20,7,8
84.321,91.614,94.756,91.827,93.82,92.928,88.8323649538185,40.265,33.666,36.89,36.852,39.737,45.331,30.9427711462222,1.738,-0.948,10.913,8.47,6.967,6.07,6.688,-0.949468033024681,0.249765198756749,-0.190073143169267,16,17,15,17,19,12,5
94.756,91.827,93.82,95.491,92.549,92.928,93.9063649538185,36.89,36.852,39.737,43.289,45.184,45.331,30.0597711462222,10.913,8.47,6.967,0.811,2.306,6.07,7.373,-0.858849028565777,-0.51195950030034,-0.016607714588355,15,17,19,12,13,12,8
88.981,93.004,97.122,96.404,94.365,95.491,102.636364953819,39.476,36.963,37.954,36.92,39.922,43.289,33.7577711462222,-0.472,-2.291,7.075,3.468,2.243,0.811,6.875,-0.941387895596007,-0.1181476297743,0.315958806815125,8,8,2,3,7,12,12
88.981,93.004,92.273,97.122,96.404,94.365,100.514364953819,39.476,36.963,31.952,37.954,36.92,39.922,32.6447711462222,-0.472,-2.291,-4.273,7.075,3.468,2.243,1.25,-0.946501240594302,0.156679956780088,0.282111312599897,8,8,1,2,3,7,14
88.981,93.004,97.122,96.404,94.365,95.491,98.582,39.476,36.963,37.954,36.92,39.922,43.289,46.883,-0.472,-2.291,7.075,3.468,2.243,0.811,1.55,-0.941387895596007,-0.1181476297743,0.315958806815125,8,8,2,3,7,12,20
88.981,93.004,94.365,95.491,92.549,92.928,98.582,39.476,36.963,39.922,43.289,45.184,45.331,46.883,-0.472,-2.291,2.243,0.811,2.306,6.07,1.55,-0.775025617726497,-0.351779220524458,0.524963495754578,8,8,7,12,13,12,20
88.981,93.82,94.365,95.491,92.549,92.928,96.293,39.476,39.737,39.922,43.289,45.184,45.331,47.738,-0.472,6.967,2.243,0.811,2.306,6.07,-1.341,-0.851232398467888,-0.447275923438888,0.274495267920043,8,19,7,12,13,12,7
89.44,93.82,94.365,95.491,92.549,92.928,98.582,53.967,39.737,39.922,43.289,45.184,45.331,46.883,5.164,6.967,2.243,0.811,2.306,6.07,1.55,-0.779569408880211,-0.533685214061723,0.327798152877731,9,19,7,12,13,12,20
85.953,83.769,79.603,90.668,90.459,88.782,84.3063649538185,41.445,39.208,41.47,33.703,37.456,36.997,34.2977711462222,13.299,15.459,17.507,17.885,18.357,21.772,18.95,0.482186061204024,0.525200008715816,0.701185819327128,5,1,8,7,6,6,6
81.254,85.953,83.769,79.603,90.459,88.782,84.3063649538185,46.303,41.445,39.208,41.47,37.456,36.997,34.2977711462222,21.131,13.299,15.459,17.507,18.357,21.772,18.95,0.56965408030298,0.682849343516983,0.457395892911809,1,5,1,8,6,6,6
77.122,83.347,79.603,79.393,82.407,77.82,84.3063649538185,47.37,41.884,41.47,37.904,38.372,38.97,34.2977711462222,13.613,18.052,17.507,18.95,21.245,25.431,18.95,0.816998661376692,0.397249197756934,-0.4179787819856,16,14,8,10,15,11,6
77.145,85.953,83.347,79.603,79.393,80.715,73.0313649538185,46.519,41.445,41.884,41.47,37.904,40.774,38.4987711462222,19.802,13.299,18.052,17.507,18.95,23.661,17.885,0.899132714242593,0.436089387748624,-0.0372345010947891,3,5,14,8,10,5,4
83.347,79.603,79.393,82.407,80.715,77.82,81.2923649538185,41.884,41.47,37.904,38.372,40.774,38.97,33.8297711462222,18.052,17.507,18.95,21.245,23.661,25.431,21.245,0.895336257196796,0.434593065630588,-0.0974774530578293,14,8,10,15,5,11,11
83.347,79.603,79.393,82.407,77.82,82.419,81.2923649538185,41.884,41.47,37.904,38.372,38.97,39.486,33.8297711462222,18.052,17.507,18.95,21.245,25.431,28.777,21.245,0.484803424563018,0.815776494919054,-0.315395545100993,14,8,10,15,11,16,11
81.254,79.603,80.715,77.82,80.001,79.282,83.6983649538185,46.303,41.47,40.774,38.97,36.799,41.498,35.4027711462222,21.131,17.507,23.661,25.431,27.597,29.484,27.597,0.976550270582885,0.10818782489101,0.186131575961325,1,8,5,11,1,2,19
79.603,79.393,82.407,80.715,77.82,82.419,74.9173649538185,41.47,37.904,38.372,40.774,38.97,39.486,35.2047711462222,17.507,18.95,21.245,23.661,25.431,28.777,21.772,0.888525591908642,0.420214385313832,-0.184233935252751,8,10,15,5,11,16,3
80.715,80.001,79.282,78.182,81.664,81.745,83.6983649538185,40.774,36.799,41.498,38.675,38.645,42.396,35.4027711462222,23.661,27.597,29.484,31.796,33.356,33.787,27.597,0.927055592572484,0.146878784253713,-0.344955868215387,5,1,2,3,2,3,19
82.407,77.82,82.419,78.447,79.616,90.035,83.6983649538185,38.372,38.97,39.486,42.187,39.605,37.208,35.4027711462222,21.245,25.431,28.777,35.668,38.231,32.833,27.597,0.683393440694189,0.452189326172682,-0.57314764111148,15,11,16,12,15,16,19
80.715,80.001,79.282,78.182,81.664,81.745,72.7133649538185,40.774,36.799,41.498,38.675,38.645,42.396,40.3567711462222,23.661,27.597,29.484,31.796,33.356,33.787,31.741,0.927055592572484,0.146878784253713,-0.344955868215387,5,1,2,3,2,3,4
80.715,80.001,79.282,78.182,81.664,81.745,72.7133649538185,40.774,36.799,41.498,38.675,38.645,42.396,40.3567711462222,23.661,27.597,29.484,31.796,33.356,33.787,31.741,0.927055592572484,0.146878784253713,-0.344955868215387,5,1,2,3,2,3,4
80.001,79.282,78.182,81.664,81.745,85.272,82.0353649538185,36.799,41.498,38.675,38.645,42.396,40.31,33.5567711462222,27.597,29.484,31.796,33.356,33.787,37.408,33.356,0.592330224926436,0.490396118344119,-0.639262506136265,1,2,3,2,3,2,5
79.282,78.182,81.664,81.745,82.365,85.272,82.0353649538185,41.498,38.675,38.645,42.396,42.071,40.31,33.5567711462222,29.484,31.796,33.356,33.787,39.132,37.408,33.356,0.724853643517074,0.000801044510490617,-0.688902426913794,2,3,2,3,1,2,5
74.937,76.973,82.419,81.745,78.447,79.616,72.7133649538185,49.955,47.73,39.486,42.396,42.187,39.605,40.3567711462222,34.809,32.509,28.777,33.787,35.668,38.231,31.741,-0.221664485106172,-0.784444605759168,-0.579233559575029,9,9,16,3,12,15,4
76.973,82.419,78.447,79.616,89.579,90.035,74.1203649538185,47.73,39.486,42.187,39.605,36.379,37.208,35.8227711462222,32.509,28.777,35.668,38.231,36.509,32.833,36.509,0.713924870262503,0.36989991721645,-0.594546323564389,9,16,12,15,8,16,3
79.282,78.182,81.664,81.745,82.365,85.272,84.0833649538185,41.498,38.675,38.645,42.396,42.071,40.31,32.5967711462222,29.484,31.796,33.356,33.787,39.132,37.408,38.231,0.724853643517074,0.000801044510490617,-0.688902426913794,2,3,2,3,1,2,13
78.182,81.664,81.745,82.365,85.272,89.579,84.0833649538185,38.675,38.645,42.396,42.071,40.31,36.379,32.5967711462222,31.796,33.356,33.787,39.132,37.408,36.509,38.231,0.604749043058364,0.324987404493567,-0.727091316026073,3,2,3,1,2,8,13
85.272,89.579,90.035,93.716,93.104,90.986,85.5173649538185,40.31,36.379,37.208,36.29,32.931,31.845,33.5267711462222,37.408,36.509,32.833,33.024,34.674,31.741,31.796,0.173194882287866,0.983234068446264,0.0570464669887531,2,8,16,8,9,7,1
82.419,89.579,90.035,93.716,93.104,90.986,85.5173649538185,39.486,36.379,37.208,36.29,32.931,31.845,33.5267711462222,28.777,36.509,32.833,33.024,34.674,31.741,31.796,-0.005624035546214,0.994051609081244,0.108764740183409,16,8,16,8,9,7,1
89.579,90.035,93.716,93.104,90.986,92.34,85.5173649538185,36.379,37.208,36.29,32.931,31.845,37.354,33.5267711462222,36.509,32.833,33.024,34.674,31.741,28.311,31.796,-0.0652849597357757,0.98649667053722,0.15020716711022,8,16,8,9,7,3,1
89.579,90.035,93.716,93.104,90.986,92.762,85.5173649538185,36.379,37.208,36.29,32.931,31.845,29.46,33.5267711462222,36.509,32.833,33.024,34.674,31.741,29.392,31.796,-0.221937203108819,0.971961339655124,0.0776854689890701,8,16,8,9,7,3,1
89.579,93.716,93.104,90.986,92.762,92.34,85.5173649538185,36.379,36.29,32.931,31.845,29.46,37.354,33.5267711462222,36.509,33.024,34.674,31.741,29.392,28.311,31.796,-0.54291539952073,0.836322873936074,-0.0762031462247544,8,8,9,7,3,3,1
93.104,90.986,92.762,92.686,90.965,92.34,89.2643649538185,32.931,31.845,29.46,31.13,29.949,37.354,24.6827711462222,34.674,31.741,29.392,25.987,22.843,28.311,29.698,-0.186402287164249,0.954018489540791,-0.234740088085193,9,7,3,2,4,3,3
90.986,92.762,92.686,90.965,88.782,92.34,96.5943649538185,31.845,29.46,31.13,29.949,36.997,37.354,27.4477711462222,31.741,29.392,25.987,22.843,21.772,28.311,25.195,0.318919594245412,0.941047261114739,-0.112784505827661,7,3,2,4,6,3,18
92.762,92.686,90.965,90.668,88.782,91.833,87.6083649538185,29.46,31.13,29.949,33.703,36.997,35.435,24.7557711462222,29.392,25.987,22.843,17.885,21.772,23.35,23.288,0.806228936799247,0.510455502123312,0.299048627851046,3,2,4,7,6,10,13
94.756,93.426,93.29,90.668,91.833,93.456,96.5943649538185,36.89,29.863,31.023,33.703,35.435,38.863,27.4477711462222,10.913,19.94,17.145,17.885,23.35,23.117,25.195,-0.968995154935788,0.0289295026335904,-0.245380263241242,15,19,20,7,10,10,18
94.756,91.827,93.82,93.426,93.29,91.833,96.5233649538185,36.89,36.852,39.737,29.863,31.023,35.435,26.0237711462222,10.913,8.47,6.967,19.94,17.145,23.35,14.864,-0.608837068536571,0.442552462566572,-0.658380392973589,15,17,19,19,20,10,3
90.965,90.668,90.459,88.782,91.833,93.456,84.3063649538185,29.949,33.703,37.456,36.997,35.435,38.863,34.2977711462222,22.843,17.885,18.357,21.772,23.35,23.117,18.95,0.0770342079074558,0.774490952689056,0.627876974426415,4,7,6,6,10,10,6
85.953,90.668,90.459,88.782,91.833,93.456,84.3063649538185,41.445,33.703,37.456,36.997,35.435,38.863,34.2977711462222,13.299,17.885,18.357,21.772,23.35,23.117,18.95,0.327108788554347,0.574059141517408,0.750637024460427,5,7,6,6,10,10,6
90.668,90.459,88.782,91.833,93.456,91.237,84.3063649538185,33.703,37.456,36.997,35.435,38.863,40.046,34.2977711462222,17.885,18.357,21.772,23.35,23.117,25.903,18.95,0.225314290864031,0.724720516676345,0.651163299826403,7,6,6,10,10,5,6
90.668,90.459,88.782,91.833,93.456,91.237,85.8793649538185,33.703,37.456,36.997,35.435,38.863,40.046,33.2317711462222,17.885,18.357,21.772,23.35,23.117,25.903,25.431,0.225314290864031,0.724720516676345,0.651163299826403,7,6,6,10,10,5,13
90.668,90.459,88.782,91.833,93.456,91.237,85.8793649538185,33.703,37.456,36.997,35.435,38.863,40.046,33.2317711462222,17.885,18.357,21.772,23.35,23.117,25.903,25.431,0.225314290864031,0.724720516676345,0.651163299826403,7,6,6,10,10,5,13
90.459,88.782,91.833,93.456,91.237,92.34,85.8793649538185,37.456,36.997,35.435,38.863,40.046,37.354,33.2317711462222,18.357,21.772,23.35,23.117,25.903,28.311,25.431,-0.181545749624685,0.947694150235476,0.262520358072798,6,6,10,10,5,3,13
93.716,90.986,92.762,92.686,91.237,92.34,85.8793649538185,36.29,31.845,29.46,31.13,40.046,37.354,33.2317711462222,33.024,31.741,29.392,25.987,25.903,28.311,25.431,-0.118215850639406,0.980144126330965,-0.159193292184407,8,7,3,2,5,3,13
