X,Y,Z,Res,Mo
32.63,52.222,28.139,2,1
35.485,51.401,30.502,3,1
36.393,47.738,30.259,2,1
38.682,46.883,33.15,6,1
41.887,44.801,33.132,17,1
44.769,44.045,35.533,8,1
49.936,37.526,31.861,2,1
52.26,34.582,32.381,10,1
52.031,35.595,36.081,5,1
48.242,35.345,35.89,1,1
47.18,38.84,34.906,2,1
44.501,40.115,32.513,13,1
62.996,47.488,16.374,14,1
67.176,46.178,14.864,14,1
65.828,43.504,12.524,3,1
69.056,46.918,10.023,12,1
70.832,43.61,10.774,12,1
69.793,42.142,7.373,3,1
71.034,45.223,5.522,15,1
74.292,44.951,7.524,18,1
74.867,41.259,6.688,9,1
74.355,42.29,3.068,7,1
77.046,44.937,3.391,2,1
78.944,40.263,2.008,19,1
79.893,43.24,-0.133,6,1
84.321,40.265,1.738,16,1
83.657,40.167,-2.038,15,1
88.981,39.476,-0.472,8,1
87.796,36.799,-2.841,19,1
90.669,36.707,-5.281,2,1
93.004,36.963,-2.291,8,1
91.614,33.666,-0.948,17,1
92.273,31.952,-4.273,1,1
88.877,32.46,-5.807,16,1
88.135,34.467,-8.927,20,1
86.537,37.859,-8.422,6,1
82.925,38.742,-9.252,14,1
81.741,41.388,-11.763,10,1
79.746,43.147,-9.032,1,1
76.419,45.005,-9.192,12,1
74.308,44.591,-6.092,16,1
70.564,44.435,-6.644,9,1
68.763,46.305,-3.847,18,1
65.245,45.183,-4.75,13,1
65.911,41.49,-4.314,3,1
67.289,41.953,-0.793,4,1
64.631,44.478,0.094,12,1
61.69,42.3,-0.909,10,1
63.185,39.557,1.25,12,1
64.069,41.782,4.158,13,1
60.38,42.819,4.053,8,1
58.942,39.31,3.883,2,1
61.063,38.444,6.875,17,1
59.564,41.297,8.869,3,1
56.023,40.107,7.937,6,1
56.797,36.601,9.222,13,1
57.949,38.236,12.417,5,1
54.706,40.225,12.724,9,1
52.606,37.11,12.245,2,1
54.672,35.392,14.959,4,1
50.282,38.323,17.039,11,1
50.336,34.573,17.444,9,1
52.224,34.62,20.75,9,1
48.438,32.325,22.497,12,1
49.147,33.952,25.878,6,1
45.627,35.439,25.986,19,1
39.548,51.081,29.124,17,1
41.085,51.361,32.557,7,1
61.959,74.625,7.579,10,1
61.795,77.218,10.348,6,1
65.541,76.662,10.869,11,1
64.95,75.57,4.944,20,1
79.525,68.758,13.763,13,1
82.865,67.743,15.214,19,1
89.44,53.967,5.164,9,1
86.228,52.292,3.909,2,1
85.322,54.929,1.336,1,1
66.601,68.944,-11.163,5,1
87.799,75.861,14.641,20,1
90.898,77.954,14.034,1,1
89.927,78.778,10.432,13,1
87.254,80.872,8.708,5,1
83.841,79.344,7.888,20,1
83.344,78.085,4.348,3,1
80.077,77.278,2.641,15,1
79.947,74.558,0.007,7,1
77.179,73.013,-2.115,15,1
52.052,63.441,34.172,4,1
55.604,64.706,34.424,11,1
57.762,65.074,31.316,7,1
61.075,66.87,30.694,8,1
61.715,69.821,28.394,8,1
61.941,67.368,25.434,12,1
58.32,60.775,30.376,4,1
60.078,61.274,33.739,4,1
60.126,57.993,35.745,3,1
62.012,56.736,38.782,8,1
57.217,54.811,38.184,9,1
55.891,58.094,36.767,7,1
54.719,60.737,39.255,9,1
51.182,59.414,39.032,3,1
67.855,49.79,23.04,5,1
65.426,46.871,22.494,7,1
67.105,44.754,25.195,20,1
66.758,47.539,27.795,3,1
63.042,48.091,27.078,2,1
62.586,44.3,27.373,4,1
64.72,44.08,30.536,2,1
62.681,46.858,32.213,2,1
52.333,40.796,39.678,16,1
54.824,38.817,41.687,10,1
55.213,41.475,44.36,17,1
58.992,41.705,44.094,12,1
66.609,47.114,35.984,5,1
70.208,48.185,36.662,8,1
71.304,50.622,33.951,17,1
74.937,49.955,34.809,9,1
76.973,47.73,32.509,9,1
74.435,47.519,29.698,4,1
76.323,45.973,26.73,20,1
76.091,47.446,23.288,7,1
77.145,46.519,19.802,3,1
77.122,47.37,13.613,16,1
81.254,46.303,21.131,1,1
86.175,60.9,36.829,19,1
84.478,58.374,39.114,12,1
90.553,59.372,39.891,1,1
94.756,36.89,10.913,15,1
91.827,36.852,8.47,17,1
93.82,39.737,6.967,19,1
97.122,37.954,7.075,2,1
96.404,36.92,3.468,3,1
94.365,39.922,2.243,7,1
95.491,43.289,0.811,12,1
92.549,45.184,2.306,13,1
92.928,45.331,6.07,12,1
85.953,41.445,13.299,5,1
83.769,39.208,15.459,1,1
83.347,41.884,18.052,14,1
79.603,41.47,17.507,8,1
79.393,37.904,18.95,10,1
82.407,38.372,21.245,15,1
80.715,40.774,23.661,5,1
77.82,38.97,25.431,11,1
80.001,36.799,27.597,1,1
82.419,39.486,28.777,16,1
79.282,41.498,29.484,2,1
78.182,38.675,31.796,3,1
81.664,38.645,33.356,2,1
81.745,42.396,33.787,3,1
78.447,42.187,35.668,12,1
79.616,39.605,38.231,15,1
82.365,42.071,39.132,1,1
85.272,40.31,37.408,2,1
89.579,36.379,36.509,8,1
90.035,37.208,32.833,16,1
93.716,36.29,33.024,8,1
93.104,32.931,34.674,9,1
90.986,31.845,31.741,7,1
92.762,29.46,29.392,3,1
92.686,31.13,25.987,2,1
90.965,29.949,22.843,4,1
93.426,29.863,19.94,19,1
93.29,31.023,17.145,20,1
90.668,33.703,17.885,7,1
90.459,37.456,18.357,6,1
88.782,36.997,21.772,6,1
91.833,35.435,23.35,10,1
93.456,38.863,23.117,10,1
91.237,40.046,25.903,5,1
92.34,37.354,28.311,3,1
100.703364953819,24.7137711462222,16.374,14,0
96.5233649538185,26.0237711462222,14.864,14,0
97.8713649538185,28.6977711462222,12.524,3,0
94.6433649538185,25.2837711462222,10.023,12,0
92.8673649538185,28.5917711462222,10.774,12,0
93.9063649538185,30.0597711462222,7.373,3,0
92.6653649538185,26.9787711462222,5.522,15,0
89.4073649538185,27.2507711462222,7.524,18,0
88.8323649538185,30.9427711462222,6.688,9,0
89.3443649538185,29.9117711462222,3.068,7,0
86.6533649538185,27.2647711462222,3.391,2,0
84.7553649538185,31.9387711462222,2.008,19,0
83.8063649538185,28.9617711462222,-0.133,6,0
79.3783649538185,31.9367711462222,1.738,16,0
80.0423649538185,32.0347711462222,-2.038,15,0
74.7183649538185,32.7257711462222,-0.472,8,0
75.9033649538185,35.4027711462222,-2.841,19,0
73.0303649538185,35.4947711462222,-5.281,2,0
70.6953649538185,35.2387711462222,-2.291,8,0
72.0853649538185,38.5357711462222,-0.948,17,0
71.4263649538185,40.2497711462222,-4.273,1,0
74.8223649538185,39.7417711462222,-5.807,16,0
75.5643649538185,37.7347711462222,-8.927,20,0
77.1623649538185,34.3427711462222,-8.422,6,0
80.7743649538185,33.4597711462222,-9.252,14,0
81.9583649538185,30.8137711462222,-11.763,10,0
83.9533649538185,29.0547711462222,-9.032,1,0
87.2803649538185,27.1967711462222,-9.192,12,0
89.3913649538185,27.6107711462222,-6.092,16,0
93.1353649538185,27.7667711462222,-6.644,9,0
94.9363649538185,25.8967711462222,-3.847,18,0
98.4543649538185,27.0187711462222,-4.75,13,0
97.7883649538185,30.7117711462222,-4.314,3,0
96.4103649538185,30.2487711462222,-0.793,4,0
99.0683649538185,27.7237711462222,0.094,12,0
102.009364953819,29.9017711462222,-0.909,10,0
100.514364953819,32.6447711462222,1.25,12,0
99.6303649538185,30.4197711462222,4.158,13,0
104.757364953819,32.8917711462222,3.883,2,0
102.636364953819,33.7577711462222,6.875,17,0
95.8443649538185,22.4117711462222,23.04,5,0
98.2733649538185,25.3307711462222,22.494,7,0
96.5943649538185,27.4477711462222,25.195,20,0
96.9413649538185,24.6627711462222,27.795,3,0
100.657364953819,24.1107711462222,27.078,2,0
101.113364953819,27.9017711462222,27.373,4,0
98.9793649538185,28.1217711462222,30.536,2,0
101.018364953819,25.3437711462222,32.213,2,0
97.0903649538185,25.0877711462222,35.984,5,0
93.4913649538185,24.0167711462222,36.662,8,0
92.3953649538185,21.5797711462222,33.951,17,0
88.7623649538185,22.2467711462222,34.809,9,0
86.7263649538185,24.4717711462222,32.509,9,0
89.2643649538185,24.6827711462222,29.698,4,0
87.3763649538185,26.2287711462222,26.73,20,0
87.6083649538185,24.7557711462222,23.288,7,0
86.5543649538185,25.6827711462222,19.802,3,0
86.5773649538185,24.8317711462222,13.613,16,0
82.4453649538185,25.8987711462222,21.131,1,0
68.9433649538185,35.3117711462222,10.913,15,0
71.8723649538185,35.3497711462222,8.47,17,0
69.8793649538185,32.4647711462222,6.967,19,0
66.5773649538185,34.2477711462222,7.075,2,0
67.2953649538185,35.2817711462222,3.468,3,0
69.3343649538185,32.2797711462222,2.243,7,0
77.7463649538185,30.7567711462222,13.299,5,0
79.9303649538185,32.9937711462222,15.459,1,0
80.3523649538185,30.3177711462222,18.052,14,0
84.0963649538185,30.7317711462222,17.507,8,0
84.3063649538185,34.2977711462222,18.95,10,0
81.2923649538185,33.8297711462222,21.245,15,0
82.9843649538185,31.4277711462222,23.661,5,0
85.8793649538185,33.2317711462222,25.431,11,0
83.6983649538185,35.4027711462222,27.597,1,0
81.2803649538185,32.7157711462222,28.777,16,0
84.4173649538185,30.7037711462222,29.484,2,0
85.5173649538185,33.5267711462222,31.796,3,0
82.0353649538185,33.5567711462222,33.356,2,0
81.9543649538185,29.8057711462222,33.787,3,0
85.2523649538185,30.0147711462222,35.668,12,0
84.0833649538185,32.5967711462222,38.231,15,0
81.3343649538185,30.1307711462222,39.132,1,0
78.4273649538185,31.8917711462222,37.408,2,0
74.1203649538185,35.8227711462222,36.509,8,0
73.6643649538185,34.9937711462222,32.833,16,0
69.9833649538185,35.9117711462222,33.024,8,0
70.5953649538185,39.2707711462222,34.674,9,0
72.7133649538185,40.3567711462222,31.741,7,0
70.9373649538185,42.7417711462222,29.392,3,0
71.0133649538185,41.0717711462222,25.987,2,0
72.7343649538185,42.2527711462222,22.843,4,0
70.2733649538185,42.3387711462222,19.94,19,0
70.4093649538185,41.1787711462222,17.145,20,0
73.0313649538185,38.4987711462222,17.885,7,0
73.2403649538185,34.7457711462222,18.357,6,0
74.9173649538185,35.2047711462222,21.772,6,0
71.8663649538185,36.7667711462222,23.35,10,0
70.2433649538185,33.3387711462222,23.117,10,0
72.4623649538185,32.1557711462222,25.903,5,0
71.3593649538185,34.8477711462222,28.311,3,0
92.53,52.222,-3.461,2,0
95.385,51.401,-1.098,3,0
96.293,47.738,-1.341,2,0
98.582,46.883,1.55,6,0
101.787,44.801,1.532,17,0
104.669,44.045,3.93300000000001,8,0
104.401,40.115,0.912999999999997,13,0
99.448,51.081,-2.476,17,0
100.985,51.361,0.957000000000008,7,0
68.1737299076371,75.6455422924445,-17.837,13,0
64.8337299076371,76.6605422924445,-16.386,19,0
59.8997299076371,68.5425422924445,-16.959,20,0
95.6467299076371,80.9625422924445,2.57199999999999,4,0
92.0947299076371,79.6975422924445,2.824,11,0
89.9367299076371,79.3295422924445,-0.284000000000006,7,0
86.6237299076371,77.5335422924445,-0.906000000000006,8,0
85.9837299076371,74.5825422924445,-3.206,8,0
85.7577299076371,77.0355422924445,-6.166,12,0
89.3787299076371,83.6285422924445,-1.224,4,0
87.6207299076371,83.1295422924445,2.139,4,0
87.5727299076371,86.4105422924445,4.145,3,0
85.6867299076371,87.6675422924445,7.182,8,0
90.4817299076371,89.5925422924444,6.58399999999999,9,0
91.8077299076371,86.3095422924445,5.167,7,0
92.9797299076371,83.6665422924445,7.655,9,0
96.5167299076371,84.9895422924445,7.432,3,0
61.5237299076371,83.5035422924445,5.229,19,0
63.2207299076371,86.0295422924445,7.514,12,0
57.1457299076371,85.0315422924445,8.291,1,0
29.54,53.967,36.764,9,0
26.328,52.292,35.509,2,0
25.422,54.929,32.936,1,0
37.222,37.954,38.675,2,0
36.504,36.92,35.068,3,0
34.465,39.922,33.843,7,0
35.591,43.289,32.411,12,0
32.649,45.184,33.906,13,0
33.028,45.331,37.67,12,0
53.8633649538185,34.6757711462222,0.260999999999996,2,0
51.5393649538185,37.6197711462222,0.780999999999999,10,0
51.7683649538185,36.6067711462222,4.48100000000001,5,0
55.5573649538185,36.8567711462222,4.29000000000001,1,0
56.6193649538185,33.3617711462222,3.306,2,0
59.2983649538185,32.0867711462222,0.912999999999997,13,0
54.6523649538185,38.2497711462222,-5.722,6,0
58.1723649538185,36.7627711462222,-5.614,19,0
51.4663649538185,31.4057711462222,8.07799999999999,16,0
48.9753649538185,33.3847711462222,10.087,10,0
48.5863649538185,30.7267711462222,12.76,17,0
44.8073649538185,30.4967711462222,12.494,12,0
37.8883649538185,30.7117711462222,27.286,3,0
42.1093649538185,29.9017711462222,30.691,10,0
40.6143649538185,32.6447711462222,32.85,12,0
39.7303649538185,30.4197711462222,35.758,13,0
43.4193649538185,29.3827711462222,35.653,8,0
44.8573649538185,32.8917711462222,35.483,2,0
42.7363649538185,33.7577711462222,38.475,17,0
44.2353649538185,30.9047711462222,40.469,3,0
47.7763649538185,32.0947711462222,39.537,6,0
47.0023649538185,35.6007711462222,40.822,13,0
45.8503649538185,33.9657711462222,44.017,5,0
49.0933649538185,31.9767711462222,44.324,9,0
51.1933649538185,35.0917711462222,43.845,2,0
49.1273649538185,36.8097711462222,46.559,4,0
53.5173649538186,33.8787711462222,48.639,11,0
53.4633649538185,37.6287711462222,49.044,9,0
51.5753649538185,37.5817711462222,52.35,9,0
55.3613649538185,39.8767711462222,54.097,12,0
85.7397299076371,69.7785422924445,39.179,10,0
85.9037299076371,67.1855422924445,41.948,6,0
82.1577299076371,67.7415422924444,42.469,11,0
82.7487299076371,68.8335422924445,36.544,20,0
81.0977299076371,75.4595422924445,20.437,5,0
56.8007299076371,66.4495422924445,45.634,1,0
57.7717299076371,65.6255422924445,42.032,13,0
60.4447299076371,63.5315422924445,40.308,5,0
63.8577299076371,65.0595422924445,39.488,20,0
64.3547299076371,66.3185422924445,35.948,3,0
67.6217299076371,67.1255422924445,34.241,15,0
67.7517299076371,69.8455422924444,31.607,7,0
70.5197299076371,71.3905422924445,29.485,15,0
